SPTL_price,SCHQ_price,VGLT_price,SPTL_price_chg,SCHQ_price_chg,VGLT_price_chg,VGLT/SPTL,VGLT/SCHQ,VGLT/VGLT,VGLT/SPTL_moving_avg,VGLT/SCHQ_moving_avg,VGLT/VGLT_moving_avg,VGLT/SPTL_prev_moving_avg,VGLT/SCHQ_prev_moving_avg,VGLT/VGLT_prev_moving_avg,SPTL_scaled_price,SCHQ_scaled_price,VGLT_scaled_price,SPTL_scaled_comm,SCHQ_scaled_comm,VGLT_scaled_comm,SPTL_scaled_price_minus_comm,SCHQ_scaled_price_minus_comm,VGLT_scaled_price_minus_comm,SPTL_scaled_price_plus_comm,SCHQ_scaled_price_plus_comm,VGLT_scaled_price_plus_comm,min_price_plus_comm,max_price_minus_comm,tgt_max-min,tgt_pct_diff,tgt_min_price_etf,tgt_max_price_etf,date,ex_div_date,SPTL_shs_per_unit,SCHQ_shs_per_unit,VGLT_shs_per_unit,SPTL_current_shs,SCHQ_current_shs,VGLT_current_shs,current_long_etf,current_short_etf,current_max-min,current_pct_diff,current_position,open_trade,exit_trade,flatten_for_div,tgt_position,tgt_long_etf,tgt_short_etf,SPTL_tgt_shs,SCHQ_tgt_shs,VGLT_tgt_shs,SPTL_tgt_inv_amt,SCHQ_tgt_inv_amt,VGLT_tgt_inv_amt,gross_inv_amt,net_inv_amt,SPTL_shs_to_trade,SCHQ_shs_to_trade,VGLT_shs_to_trade,SPTL_shs_to_buy,SCHQ_shs_to_buy,VGLT_shs_to_buy,SPTL_shs_to_sell,SCHQ_shs_to_sell,VGLT_shs_to_sell,SPTL_daily_comm,SCHQ_daily_comm,VGLT_daily_comm,daily_comm,SPTL_daily_profit,SCHQ_daily_profit,VGLT_daily_profit,daily_gross_profit,daily_net_profit,cumulative_net_profit
26.42,31.65,55.69,,,,2.1078728236184707,1.75955766192733,1.0,,,,,,,,,,,,,,,,,,,,,,,,,2026-01-02,False,,,,,,,,,,,,False,False,False,,,,,,,,,,,,,,,,,,,,,,,,,,,,,,
26.53,31.78,55.93,0.10999999999999943,0.13000000000000256,0.240000000000002,2.108179419525066,1.7599118942731278,1.0,,,,,,,,,,,,,,,,,,,,,,,,,2026-01-05,False,,,,,,,,,,,,False,False,False,,,,,,,,,,,,,,,,,,,,,,,,,,,,,,
26.5,31.74,55.84,-0.030000000000001137,-0.0400000000000027,-0.0899999999999963,2.107169811320755,1.7592942659105233,1.0,,,,,,,,,,,,,,,,,,,,,,,,,2026-01-06,False,,,,,,,,,,,,False,False,False,,,,,,,,,,,,,,,,,,,,,,,,,,,,,,
26.62,31.9,56.14,0.120000000000001,0.16000000000000014,0.29999999999999716,2.1089406461307285,1.7598746081504704,1.0,,,,,,,,,,,,,,,,,,,,,,,,,2026-01-07,False,,,,,,,,,,,,False,False,False,,,,,,,,,,,,,,,,,,,,,,,,,,,,,,
26.51,31.75,55.86,-0.10999999999999943,-0.14999999999999858,-0.28000000000000114,2.1071293851376836,1.7593700787401574,1.0,,,,,,,,,,,,,,,,,,,,,,,,,2026-01-08,False,,,,,,,,,,,,False,False,False,,,,,,,,,,,,,,,,,,,,,,,,,,,,,,
26.64,31.93,56.17,0.129999999999999,0.17999999999999972,0.3100000000000023,2.1084834834834836,1.759160663952396,1.0,,,,,,,,,,,,,,,,,,,,,,,,,2026-01-09,False,,,,,,,,,,,,False,False,False,,,,,,,,,,,,,,,,,,,,,,,,,,,,,,
26.58,31.84,56.03,-0.060000000000002274,-0.08999999999999986,-0.14000000000000057,2.1079759217456737,1.7597361809045227,1.0,,,,,,,,,,,,,,,,,,,,,,,,,2026-01-12,False,,,,,,,,,,,,False,False,False,,,,,,,,,,,,,,,,,,,,,,,,,,,,,,
26.62,31.88,56.11,0.0400000000000027,0.03999999999999915,0.0799999999999983,2.1078136739293765,1.7600376411543288,1.0,,,,,,,,,,,,,,,,,,,,,,,,,2026-01-13,False,,,,,,,,,,,,False,False,False,,,,,,,,,,,,,,,,,,,,,,,,,,,,,,
26.77,32.07,56.43,0.14999999999999858,0.19000000000000128,0.3200000000000003,2.1079566679118416,1.7595884003741815,1.0,,,,,,,,,,,,,,,,,,,,,,,,,2026-01-14,False,,,,,,,,,,,,False,False,False,,,,,,,,,,,,,,,,,,,,,,,,,,,,,,
26.77,32.05,56.4,0.0,-0.020000000000003126,-0.030000000000001137,2.1068360104594697,1.7597503900156006,1.0,2.1078357843262547,1.7596281785402639,1.0,,,,,,,,,,,,,,,,,,,,,,2026-01-15,False,,,,,,,,,,,,False,False,False,0.0,,,0.0,0.0,0.0,,,,,,,,,,,,,,,,,,,,,,,,
26.6,31.86,56.07,-0.16999999999999815,-0.18999999999999773,-0.3299999999999983,2.107894736842105,1.7598870056497176,1.0,2.1078379756486183,1.7596611129125026,1.0,2.1078357843262547,1.7596281785402639,1.0,56.06843186307838,56.0617537682928,56.07,0.010539178921631275,0.00879814089270132,0.005,56.05789268415675,56.0529556274001,56.065,56.07897104200001,56.070551909185504,56.075,56.070551909185504,56.065,-0.0055519091855060765,-9.901746362593324e-05,SCHQ,VGLT,2026-01-16,False,3758.0,3137.0,1783.0,0.0,0.0,0.0,,,0.0,0.0,0.0,False,True,False,0.0,,,0.0,0.0,0.0,0.0,0.0,0.0,,,0.0,0.0,0.0,0.0,0.0,0.0,-0.0,-0.0,-0.0,-0.0,-0.0,-0.0,0.0,-0.0,-0.0,-0.0,0.0,0.0,0.0
26.3,31.49,55.42,-0.3000000000000007,-0.370000000000001,-0.6499999999999986,2.1072243346007604,1.759923785328676,1.0,2.107742467156188,1.7596623020180577,1.0,2.1078379756486183,1.7596611129125026,1.0,55.436138759558666,55.411728445614706,55.42,0.010539189878243092,0.008798305564562512,0.005,55.42559956968042,55.402930140050145,55.415,55.44667794943691,55.42052675117927,55.425000000000004,55.42052675117927,55.42559956968042,0.005072818501155041,9.153407616663732e-05,SCHQ,SPTL,2026-01-20,False,3803.0,3174.0,1804.0,0.0,0.0,0.0,,,0.0,0.0,0.0,False,True,False,0.0,,,0.0,0.0,0.0,0.0,0.0,0.0,0.0,0.0,0.0,0.0,0.0,0.0,0.0,0.0,-0.0,-0.0,-0.0,-0.0,-0.0,-0.0,0.0,-0.0,-0.0,-0.0,0.0,0.0,0.0
26.48,31.7,55.8,0.17999999999999972,0.21000000000000085,0.37999999999999545,2.107250755287009,1.7602523659305993,1.0,2.1077505615528134,1.7597581120200652,1.0,2.107742467156188,1.7596623020180577,1.0,55.81302053029586,55.78129497397243,55.8,0.01053871233578094,0.008798311510090289,0.005,55.80248181796008,55.77249666246234,55.794999999999995,55.82355924263164,55.79009328548252,55.805,55.79009328548252,55.80248181796008,0.012388532477558556,0.00022201671106735765,SCHQ,SPTL,2026-01-21,False,3777.0,3153.0,1792.0,0.0,0.0,0.0,,,0.0,0.0,0.0,False,False,False,-0.0,,,0.0,0.0,0.0,0.0,0.0,0.0,0.0,0.0,0.0,0.0,0.0,0.0,0.0,0.0,-0.0,-0.0,-0.0,-0.0,-0.0,-0.0,0.0,0.0,0.0,0.0,0.0,0.0,0.0
26.56,31.82,56.0,0.0799999999999983,0.120000000000001,0.20000000000000284,2.108433734939759,1.759899434318039,1.0,2.1076998704337164,1.759760594636822,1.0,2.1077505615528134,1.7597581120200652,1.0,55.98185491484272,55.995503124478475,56.0,0.010538752807764068,0.008798790560100326,0.005,55.97131616203496,55.986704333918375,55.995,55.99239366765048,56.004301915038575,56.005,55.99239366765048,55.995,0.002606332349515128,4.654164909848443e-05,SPTL,VGLT,2026-01-22,False,3764.0,3143.0,1786.0,0.0,0.0,0.0,,,0.0,0.0,-0.0,False,True,False,0.0,,,0.0,0.0,0.0,0.0,0.0,0.0,0.0,0.0,0.0,0.0,0.0,0.0,0.0,0.0,-0.0,-0.0,-0.0,-0.0,-0.0,-0.0,0.0,0.0,0.0,0.0,0.0,0.0,0.0
26.62,31.89,56.11,0.060000000000002274,0.07000000000000028,0.10999999999999943,2.1078136739293765,1.7594857322044528,1.0,2.1077682993128852,1.7597721599832514,1.0,2.1076998704337164,1.759760594636822,1.0,56.10697055094553,56.118765362968254,56.11,0.010538499352168582,0.00879880297318411,0.005,56.09643205159337,56.10996655999507,56.105,56.1175090502977,56.127564165941436,56.115,56.115,56.10996655999507,-0.005033440004929446,-8.970664774424249e-05,VGLT,SCHQ,2026-01-23,False,3756.0,3136.0,1782.0,0.0,0.0,0.0,,,0.0,0.0,0.0,False,True,False,0.0,,,0.0,0.0,0.0,0.0,0.0,0.0,0.0,0.0,0.0,0.0,0.0,0.0,0.0,0.0,-0.0,-0.0,-0.0,-0.0,-0.0,-0.0,0.0,0.0,0.0,0.0,0.0,0.0,0.0
26.74,32.02,56.36,0.11999999999999744,0.13000000000000256,0.25,2.1077038145100975,1.760149906308557,1.0,2.107690332415547,1.7598710842188676,1.0,2.1077682993128852,1.7597721599832514,1.0,56.36172432362655,56.347904562663715,56.36,0.010538841496564427,0.008798860799916257,0.005,56.351185482129985,56.3391057018638,56.355,56.37226316512311,56.35670342346363,56.365,56.35670342346363,56.355,-0.0017034234636312817,-3.0223979127595488e-05,SCHQ,VGLT,2026-01-26,False,3739.0,3122.0,1774.0,0.0,0.0,0.0,,,0.0,0.0,0.0,False,True,False,0.0,,,0.0,0.0,0.0,0.0,0.0,0.0,0.0,0.0,0.0,0.0,0.0,0.0,0.0,0.0,-0.0,-0.0,-0.0,-0.0,-0.0,-0.0,0.0,0.0,0.0,0.0,0.0,0.0,0.0
26.59,31.85,56.07,-0.14999999999999858,-0.1700000000000017,-0.28999999999999915,2.108687476494923,1.7604395604395604,1.0,2.107761487890472,1.7599414221723713,1.0,2.107690332415547,1.7598710842188676,1.0,56.04348593892939,56.05189403237094,56.07,0.010538451662077735,0.008799355421094338,0.005,56.032947487267315,56.04309467694984,56.065,56.05402439059147,56.060693387792035,56.075,56.05402439059147,56.065,0.0109756094085256,0.00019574833972758337,SPTL,VGLT,2026-01-27,False,3758.0,3138.0,1783.0,0.0,0.0,0.0,,,0.0,0.0,0.0,False,False,False,-0.0,,,0.0,0.0,0.0,0.0,0.0,0.0,0.0,0.0,0.0,0.0,0.0,0.0,0.0,0.0,-0.0,-0.0,-0.0,-0.0,-0.0,-0.0,0.0,-0.0,-0.0,-0.0,0.0,0.0,0.0
26.54,31.8,55.95,-0.05000000000000071,-0.05000000000000071,-0.11999999999999744,2.1081386586284854,1.759433962264151,1.0,2.1077939863603827,1.7598810542833534,1.0,2.107761487890472,1.7599414221723713,1.0,55.93998988861313,55.966137225081404,55.95,0.01053880743945236,0.008799707110861857,0.005,55.929451081173674,55.957337517970544,55.945,55.95052869605258,55.974936932192264,55.955000000000005,55.95052869605258,55.957337517970544,0.006808821917964281,0.00012169476171517927,SPTL,SCHQ,2026-01-28,False,3767.0,3145.0,1787.0,0.0,0.0,0.0,,,0.0,0.0,-0.0,False,False,False,0.0,,,0.0,0.0,0.0,0.0,0.0,0.0,0.0,0.0,0.0,0.0,0.0,0.0,0.0,0.0,-0.0,-0.0,-0.0,-0.0,-0.0,-0.0,0.0,-0.0,-0.0,-0.0,0.0,0.0,0.0
26.55,31.8,55.97,0.010000000000001563,0.0,0.01999999999999602,2.1080979284369112,1.760062893081761,1.0,2.10780811241289,1.7599285035541115,1.0,2.1077939863603827,1.7598810542833534,1.0,55.96193033786816,55.96421752621064,55.97,0.010538969931801914,0.008799405271416767,0.005,55.95139136793636,55.95541812093922,55.964999999999996,55.97246930779996,55.97301693148206,55.975,55.97246930779996,55.964999999999996,-0.007469307799965463,-0.0001334519885646858,SPTL,VGLT,2026-01-29,False,3767.0,3145.0,1787.0,0.0,0.0,0.0,,,0.0,0.0,0.0,False,True,False,0.0,,,0.0,0.0,0.0,0.0,0.0,0.0,0.0,0.0,0.0,0.0,0.0,0.0,0.0,0.0,-0.0,-0.0,-0.0,-0.0,-0.0,-0.0,0.0,0.0,0.0,0.0,0.0,0.0,0.0
26.44,31.67,55.73,-0.10999999999999943,-0.129999999999999,-0.240000000000002,2.1077912254160363,1.759709504262709,1.0,2.1079036339085464,1.7599244149788222,1.0,2.10780811241289,1.7599285035541115,1.0,55.73044649219681,55.736935707558715,55.73,0.01053904056206445,0.008799642517770557,0.005,55.71990745163475,55.72813606504094,55.724999999999994,55.74098553275888,55.74573535007649,55.735,55.735,55.72813606504094,-0.006863934959056905,-0.0001231640940078397,VGLT,SCHQ,2026-01-30,False,3781.0,3157.0,1794.0,0.0,0.0,0.0,,,0.0,0.0,0.0,False,True,False,0.0,,,0.0,0.0,0.0,0.0,0.0,0.0,0.0,0.0,0.0,0.0,0.0,0.0,0.0,0.0,-0.0,-0.0,-0.0,-0.0,-0.0,-0.0,0.0,-0.0,-0.0,-0.0,0.0,0.0,0.0
26.27,31.44,55.38,-0.1700000000000017,-0.23000000000000043,-0.3499999999999943,2.1081081081081083,1.7614503816793894,1.0,2.1079249710351466,1.7600807525817896,1.0,2.1079036339085464,1.7599244149788222,1.0,55.374628462777515,55.33202360693417,55.38,0.010539518169542732,0.008799622074894112,0.005,55.36408894460797,55.323223984859276,55.375,55.38516798094706,55.34082322900907,55.385000000000005,55.34082322900907,55.375,0.03417677099093197,0.0006171320150041887,SCHQ,VGLT,2026-02-02,True,3807.0,3178.0,1806.0,0.0,0.0,0.0,,,0.0,0.0,0.0,False,False,False,-0.0,,,0.0,0.0,0.0,0.0,0.0,0.0,0.0,0.0,0.0,0.0,0.0,0.0,0.0,0.0,-0.0,-0.0,-0.0,-0.0,-0.0,-0.0,0.0,-0.0,-0.0,-0.0,0.0,0.0,0.0
26.33,31.5,55.47,0.05999999999999872,0.05999999999999872,0.0899999999999963,2.1067223699202433,1.7609523809523808,1.0,2.1078747745670947,1.76018361214416,1.0,2.1079249710351466,1.7600807525817896,1.0,55.501664487355406,55.442543706326376,55.47,0.010539624855175733,0.008800403762908948,0.005,55.49112486250023,55.433743302563464,55.464999999999996,55.51220411221058,55.45134411008929,55.475,55.45134411008929,55.49112486250023,0.039780752410941034,0.0007171579666656036,SCHQ,SPTL,2026-02-03,False,3801.0,3173.0,1803.0,0.0,0.0,0.0,,,0.0,0.0,-0.0,False,False,True,0.0,,,0.0,0.0,0.0,0.0,0.0,0.0,0.0,0.0,0.0,0.0,0.0,0.0,0.0,0.0,-0.0,-0.0,-0.0,-0.0,-0.0,-0.0,0.0,0.0,0.0,0.0,0.0,0.0,0.0
26.28,31.43,55.35,-0.04999999999999716,-0.07000000000000028,-0.11999999999999744,2.106164383561644,1.7610563156220171,1.0,2.1077661373945586,1.7602640071133018,1.0,2.1078747745670947,1.76018361214416,1.0,55.39494907562325,55.322570929690954,55.35,0.010539373872835473,0.008800918060720801,0.005,55.384409701750414,55.31377001163023,55.345,55.40548844949609,55.331371847751676,55.355000000000004,55.331371847751676,55.384409701750414,0.05303785399873817,0.0009582268111786481,SCHQ,SPTL,2026-02-04,False,3809.0,3181.0,1807.0,0.0,0.0,0.0,,,0.0,0.0,0.0,False,False,False,-0.0,,,0.0,0.0,0.0,0.0,0.0,0.0,0.0,0.0,0.0,0.0,0.0,0.0,0.0,0.0,-0.0,-0.0,-0.0,-0.0,-0.0,-0.0,0.0,-0.0,-0.0,-0.0,0.0,0.0,0.0
26.53,31.73,55.91,0.25,0.3000000000000007,0.5599999999999952,2.1074255559743684,1.762054837693035,1.0,2.107665319498019,1.7604795474508013,1.0,2.1077661373945586,1.7602640071133018,1.0,55.91903562507764,55.853176945705066,55.91,0.010538830686972794,0.00880132003556651,0.005,55.908496794390665,55.8443756256695,55.904999999999994,55.929574455764616,55.86197826574063,55.915,55.86197826574063,55.908496794390665,0.04651852865003292,0.0008320251949567684,SCHQ,SPTL,2026-02-05,False,3771.0,3149.0,1789.0,0.0,0.0,0.0,,,0.0,0.0,-0.0,False,False,False,0.0,,,0.0,0.0,0.0,0.0,0.0,0.0,0.0,0.0,0.0,0.0,0.0,0.0,0.0,0.0,-0.0,-0.0,-0.0,-0.0,-0.0,-0.0,0.0,0.0,0.0,0.0,0.0,0.0,0.0
26.54,31.74,55.92,0.00999999999999801,0.00999999999999801,0.010000000000005116,2.107008289374529,1.7618147448015125,1.0,2.1075847810425348,1.7607124487105075,1.0,2.107665319498019,1.7604795474508013,1.0,55.937437579477425,55.87762083608843,55.92,0.010538326597490096,0.008802397737254006,0.005,55.926899252879934,55.86881843835118,55.915,55.947975906074916,55.88642323382569,55.925000000000004,55.88642323382569,55.926899252879934,0.04047601905424614,0.0007238200832304387,SCHQ,SPTL,2026-02-06,False,3769.0,3148.0,1788.0,0.0,0.0,0.0,,,0.0,0.0,0.0,False,False,False,-0.0,,,0.0,0.0,0.0,0.0,0.0,0.0,0.0,0.0,0.0,0.0,0.0,0.0,0.0,0.0,-0.0,-0.0,-0.0,-0.0,-0.0,-0.0,0.0,0.0,0.0,0.0,0.0,0.0,0.0
26.54,31.76,55.94,0.0,0.020000000000003126,0.01999999999999602,2.1077618688771667,1.7613350125944582,1.0,2.1075905864792412,1.7608309593390974,1.0,2.1075847810425348,1.7607124487105075,1.0,55.93530008886887,55.92022737104572,55.94,0.010537923905212673,0.008803562243552538,0.005,55.92476216496366,55.91142380880217,55.934999999999995,55.94583801277408,55.92903093328927,55.945,55.92903093328927,55.934999999999995,0.0059690667107261675,0.0001067048035524878,SCHQ,VGLT,2026-02-09,False,3768.0,3148.0,1788.0,0.0,0.0,0.0,,,0.0,0.0,-0.0,False,False,False,0.0,,,0.0,0.0,0.0,0.0,0.0,0.0,0.0,0.0,0.0,0.0,0.0,0.0,0.0,0.0,-0.0,-0.0,-0.0,-0.0,-0.0,-0.0,0.0,0.0,0.0,0.0,0.0,0.0,0.0
26.82,32.07,56.5,0.28000000000000114,0.3099999999999987,0.5600000000000023,2.1066368381804623,1.761771125662613,1.0,2.1073855226477956,1.7609641158614024,1.0,2.1075905864792412,1.7608309593390974,1.0,56.52557952937325,56.46984886600485,56.5,0.010537952932396207,0.008804154796695487,0.005,56.51504157644086,56.46104471120816,56.495,56.53611748230565,56.478653020801545,56.505,56.478653020801545,56.51504157644086,0.03638855563931287,0.00064404523255421,SCHQ,SPTL,2026-02-10,False,3730.0,3117.0,1770.0,0.0,0.0,0.0,,,0.0,0.0,0.0,False,False,False,-0.0,,,0.0,0.0,0.0,0.0,0.0,0.0,0.0,0.0,0.0,0.0,0.0,0.0,0.0,0.0,-0.0,-0.0,-0.0,-0.0,-0.0,-0.0,0.0,0.0,0.0,0.0,0.0,0.0,0.0
26.69,31.93,56.23,-0.129999999999999,-0.14000000000000057,-0.2700000000000031,2.1067815661296363,1.7610397745067334,1.0,2.1072498133979107,1.7611246970856609,1.0,2.1073855226477956,1.7609641158614024,1.0,56.246119599469665,56.22758421945458,56.23,0.010536927613238978,0.008804820579307012,0.005,56.23558267185643,56.21877939887527,56.224999999999994,56.2566565270829,56.236389040033885,56.235,56.235,56.23558267185643,0.0005826718564279076,1.0362295152550377e-05,VGLT,SPTL,2026-02-11,False,3747.0,3131.0,1778.0,0.0,0.0,0.0,,,0.0,0.0,-0.0,False,True,False,0.0,,,0.0,0.0,0.0,0.0,0.0,0.0,0.0,0.0,0.0,0.0,0.0,0.0,0.0,0.0,-0.0,-0.0,-0.0,-0.0,-0.0,-0.0,0.0,-0.0,-0.0,-0.0,0.0,0.0,0.0
27.01,32.31,56.9,0.3200000000000003,0.38000000000000256,0.6700000000000017,2.106627175120326,1.7610646858557721,1.0,2.107102738066252,1.761224876363062,1.0,2.1072498133979107,1.7611246970856609,1.0,56.91681745987757,56.901938962837704,56.9,0.010536249066989554,0.008805623485428305,0.005,56.90628121081058,56.893133339352275,56.894999999999996,56.92735370894456,56.91074458632313,56.905,56.905,56.90628121081058,0.0012812108105819675,2.2516885950473946e-05,VGLT,SPTL,2026-02-12,False,3702.0,3094.0,1757.0,0.0,0.0,0.0,,,0.0,0.0,0.0,False,True,False,0.0,,,0.0,0.0,0.0,0.0,0.0,0.0,0.0,0.0,0.0,0.0,0.0,0.0,0.0,0.0,-0.0,-0.0,-0.0,-0.0,-0.0,-0.0,0.0,0.0,0.0,0.0,0.0,0.0,0.0
27.14,32.46,57.18,0.129999999999999,0.14999999999999858,0.28000000000000114,2.106853352984525,1.7615526802218113,1.0,2.107008950823101,1.7614091939589724,1.0,2.107102738066252,1.761224876363062,1.0,57.18676831111808,57.169359486744995,57.18,0.010535513690331259,0.00880612438181531,0.005,57.17623279742775,57.16055336236318,57.175,57.19730382480841,57.17816561112681,57.185,57.17816561112681,57.17623279742775,-0.0019328136990566236,-3.380226825912248e-05,SCHQ,SPTL,2026-02-13,False,3685.0,3080.0,1749.0,0.0,0.0,0.0,,,0.0,0.0,0.0,False,True,False,0.0,,,0.0,0.0,0.0,0.0,0.0,0.0,0.0,0.0,0.0,0.0,0.0,0.0,0.0,0.0,-0.0,-0.0,-0.0,-0.0,-0.0,-0.0,0.0,0.0,0.0,0.0,0.0,0.0,0.0
27.2,32.52,57.29,0.05999999999999872,0.060000000000002274,0.10999999999999943,2.10625,1.7616851168511682,1.0,2.10682314001229,1.7614326674761505,1.0,2.107008950823101,1.7614091939589724,1.0,57.31064346238835,57.281026987545786,57.29,0.010535044754115507,0.008807045969794862,0.005,57.300108417634235,57.27221994157599,57.285,57.32117850714246,57.28983403351558,57.295,57.28983403351558,57.300108417634235,0.010274384118652335,0.00017933992177783794,SCHQ,SPTL,2026-02-17,False,3679.0,3075.0,1746.0,0.0,0.0,0.0,,,0.0,0.0,0.0,False,False,False,-0.0,,,0.0,0.0,0.0,0.0,0.0,0.0,0.0,0.0,0.0,0.0,0.0,0.0,0.0,0.0,-0.0,-0.0,-0.0,-0.0,-0.0,-0.0,0.0,0.0,0.0,0.0,0.0,0.0,0.0
27.1,32.41,57.09,-0.09999999999999787,-0.11000000000000654,-0.19999999999999574,2.1066420664206644,1.7614933662449863,1.0,2.106815109662332,1.7614867660054105,1.0,2.10682314001229,1.7614326674761505,1.0,57.09490709433307,57.08803275290203,57.09,0.01053411570006145,0.008807163337380753,0.005,57.084372978633006,57.07922558956465,57.085,57.10544121003313,57.09683991623941,57.095000000000006,57.095000000000006,57.085,-0.010000000000005116,-0.00017516202487309713,VGLT,VGLT,2026-02-18,False,3691.0,3086.0,1752.0,0.0,0.0,0.0,,,0.0,0.0,-0.0,False,True,False,0.0,,,0.0,0.0,0.0,0.0,0.0,0.0,0.0,0.0,0.0,0.0,0.0,0.0,0.0,0.0,-0.0,-0.0,-0.0,-0.0,-0.0,-0.0,0.0,-0.0,-0.0,-0.0,0.0,0.0,0.0
27.13,32.44,57.16,0.029999999999997584,0.030000000000001137,0.06999999999999318,2.1068927386656835,1.7620221948212085,1.0,2.106887945172736,1.7615833539253298,1.0,2.106815109662332,1.7614867660054105,1.0,57.15789392513907,57.142630689215515,57.16,0.010534075548311662,0.008807433830027052,0.005,57.14735984959076,57.13382325538549,57.154999999999994,57.168428000687385,57.151438123045544,57.165,57.151438123045544,57.154999999999994,0.003561876954449872,6.231415245713562e-05,SCHQ,VGLT,2026-02-19,False,3685.0,3081.0,1749.0,0.0,0.0,0.0,,,0.0,0.0,0.0,False,True,False,0.0,,,0.0,0.0,0.0,0.0,0.0,0.0,0.0,0.0,0.0,0.0,0.0,0.0,0.0,0.0,-0.0,-0.0,-0.0,-0.0,-0.0,-0.0,0.0,0.0,0.0,0.0,0.0,0.0,0.0
27.07,32.39,57.05,-0.05999999999999872,-0.04999999999999716,-0.10999999999999943,2.107499076468415,1.7613460944736028,1.0,2.106895297222141,1.7615124796033867,1.0,2.106887945172736,1.7615833539253298,1.0,57.03345667582597,57.05768483364143,57.05,0.01053443972586368,0.00880791676962665,0.005,57.0229222361001,57.048876916871805,57.044999999999995,57.04399111555183,57.06649275041106,57.055,57.04399111555183,57.048876916871805,0.004885801319971961,8.5640689219491e-05,SPTL,SCHQ,2026-02-20,False,3693.0,3088.0,1753.0,0.0,0.0,0.0,,,0.0,0.0,0.0,False,True,False,0.0,,,0.0,0.0,0.0,0.0,0.0,0.0,0.0,0.0,0.0,0.0,0.0,0.0,0.0,0.0,-0.0,-0.0,-0.0,-0.0,-0.0,-0.0,0.0,-0.0,-0.0,-0.0,0.0,0.0,0.0
27.17,32.5,57.26,0.10000000000000142,0.10999999999999943,0.21000000000000085,2.1074714758925284,1.7618461538461538,1.0,2.1069416158739407,1.761515620507851,1.0,2.106895297222141,1.7615124796033867,1.0,57.24434522552557,57.24915558711007,57.26,0.010534476486110705,0.008807562398016933,0.005,57.23381074903946,57.24034802471205,57.254999999999995,57.25487970201168,57.257963149508086,57.265,57.25487970201168,57.254999999999995,0.00012029798831747485,2.1009079342905144e-06,SPTL,VGLT,2026-02-23,False,3679.0,3076.0,1746.0,0.0,0.0,0.0,,,0.0,0.0,0.0,False,True,False,0.0,,,0.0,0.0,0.0,0.0,0.0,0.0,0.0,0.0,0.0,0.0,0.0,0.0,0.0,0.0,-0.0,-0.0,-0.0,-0.0,-0.0,-0.0,0.0,0.0,0.0,0.0,0.0,0.0,0.0
27.21,32.55,57.32,0.03999999999999915,0.04999999999999716,0.060000000000002274,2.1065784638000733,1.760983102918587,1.0,2.1068232753662315,1.761480429540264,1.0,2.1069416158739407,1.761515620507851,1.0,57.32988136792993,57.33733344753055,57.32,0.010534708079369704,0.008807578102539255,0.005,57.31934665985056,57.328525869428006,57.315,57.3404160760093,57.34614102563309,57.325,57.325,57.328525869428006,0.0035258694280031477,6.151202770417216e-05,VGLT,SCHQ,2026-02-24,False,3677.0,3074.0,1745.0,0.0,0.0,0.0,,,0.0,0.0,0.0,False,True,False,0.0,,,0.0,0.0,0.0,0.0,0.0,0.0,0.0,0.0,0.0,0.0,0.0,0.0,0.0,0.0,-0.0,-0.0,-0.0,-0.0,-0.0,-0.0,0.0,0.0,0.0,0.0,0.0,0.0,0.0
27.2,32.55,57.32,-0.010000000000001563,0.0,0.0,2.1073529411764707,1.760983102918587,1.0,2.1068948856658323,1.761401627265861,1.0,2.1068232753662315,1.761480429540264,1.0,57.3055930899615,57.33618798153559,57.32,0.010534116376831158,0.00880740214770132,0.005,57.295058973584666,57.327380579387885,57.315,57.31612720633833,57.34499538368329,57.325,57.31612720633833,57.327380579387885,0.011253373049555648,0.00019632541956656748,SPTL,SCHQ,2026-02-25,False,3676.0,3074.0,1745.0,0.0,0.0,0.0,,,0.0,0.0,0.0,False,False,False,-0.0,,,0.0,0.0,0.0,0.0,0.0,0.0,0.0,0.0,0.0,0.0,0.0,0.0,0.0,0.0,-0.0,-0.0,-0.0,-0.0,-0.0,-0.0,0.0,-0.0,0.0,0.0,0.0,0.0,0.0
27.31,32.68,57.54,0.10999999999999943,0.13000000000000256,0.21999999999999886,2.1069205419260344,1.7607099143206855,1.0,2.106908783245472,1.7613686412472565,1.0,2.1068948856658323,1.761401627265861,1.0,57.539299327533875,57.56260517904834,57.54,0.010534474428329162,0.008807008136329305,0.005,57.52876485310555,57.55379817091201,57.535,57.5498338019622,57.57141218718467,57.545,57.545,57.55379817091201,0.00879817091200863,0.00015290529913118925,VGLT,SCHQ,2026-02-26,False,3662.0,3061.0,1738.0,0.0,0.0,0.0,,,0.0,0.0,-0.0,False,False,False,0.0,,,0.0,0.0,0.0,0.0,0.0,0.0,0.0,0.0,0.0,0.0,0.0,0.0,0.0,0.0,-0.0,-0.0,-0.0,-0.0,-0.0,-0.0,0.0,0.0,0.0,0.0,0.0,0.0,0.0
27.46,32.84,57.84,0.15000000000000213,0.1600000000000037,0.30000000000000426,2.1063364894391845,1.761266747868453,1.0,2.106879714677358,1.7613888474485244,1.0,2.106908783245472,1.7613686412472565,1.0,57.85571518792066,57.843346178559905,57.84,0.01053454391622736,0.008806843206236283,0.005,57.84518064400443,57.83453933535367,57.835,57.86624973183689,57.85215302176614,57.845000000000006,57.845000000000006,57.84518064400443,0.00018064400442341366,3.123167434706322e-06,VGLT,SPTL,2026-02-27,False,3643.0,3045.0,1729.0,0.0,0.0,0.0,,,0.0,0.0,0.0,False,True,False,0.0,,,0.0,0.0,0.0,0.0,0.0,0.0,0.0,0.0,0.0,0.0,0.0,0.0,0.0,0.0,-0.0,-0.0,-0.0,-0.0,-0.0,-0.0,0.0,0.0,0.0,0.0,0.0,0.0,0.0
27.12,32.44,57.14,-0.33999999999999986,-0.4000000000000057,-0.7000000000000028,2.1069321533923304,1.7614056720098645,1.0,2.1068875947181387,1.7613741466273296,1.0,2.106879714677358,1.7613888474485244,1.0,57.13857786204995,57.13945421123013,57.14,0.01053439857338679,0.008806944237242622,0.005,57.128043463476565,57.13064726699289,57.135,57.14911226062333,57.148261155467374,57.145,57.145,57.135,-0.010000000000005116,-0.0001750087504376114,VGLT,VGLT,2026-03-02,True,3687.0,3082.0,1750.0,0.0,0.0,0.0,,,0.0,0.0,0.0,False,True,False,0.0,,,0.0,0.0,0.0,0.0,0.0,0.0,0.0,0.0,0.0,0.0,0.0,0.0,0.0,0.0,-0.0,-0.0,-0.0,-0.0,-0.0,-0.0,0.0,-0.0,-0.0,-0.0,0.0,0.0,0.0
27.08,32.39,57.03,-0.0400000000000027,-0.04999999999999716,-0.10999999999999943,2.105982274741507,1.7607286199444272,1.0,2.1068608221922895,1.7612784969366555,1.0,2.1068875947181387,1.7613741466273296,1.0,57.054516064967196,57.05090860925921,57.03,0.010534437973590693,0.008806870733136648,0.005,57.043981626993606,57.04210173852607,57.025,57.065050502940785,57.05971547999235,57.035000000000004,57.035000000000004,57.043981626993606,0.008981626993602276,0.00015748951417854246,VGLT,SPTL,2026-03-03,False,3693.0,3088.0,1753.0,0.0,0.0,0.0,,,0.0,0.0,0.0,False,False,True,0.0,,,0.0,0.0,0.0,0.0,0.0,0.0,0.0,0.0,0.0,0.0,0.0,0.0,0.0,0.0,-0.0,-0.0,-0.0,-0.0,-0.0,-0.0,0.0,-0.0,-0.0,-0.0,0.0,0.0,0.0
26.99,32.28,56.87,-0.08999999999999986,-0.10999999999999943,-0.1600000000000037,2.107076695072249,1.7617719950433703,1.0,2.1069042850574475,1.7613063598164937,1.0,2.1068608221922895,1.7612784969366555,1.0,56.86417359096989,56.854069881115244,56.87,0.010534304110961448,0.008806392484683278,0.005,56.85363928685893,56.84526348863056,56.864999999999995,56.87470789508085,56.86287627359993,56.875,56.86287627359993,56.864999999999995,0.0021237264000646405,3.7343527344199766e-05,SCHQ,VGLT,2026-03-04,False,3704.0,3096.0,1758.0,0.0,0.0,0.0,,,0.0,0.0,0.0,False,True,False,0.0,,,0.0,0.0,0.0,0.0,0.0,0.0,0.0,0.0,0.0,0.0,0.0,0.0,0.0,0.0,-0.0,-0.0,-0.0,-0.0,-0.0,-0.0,0.0,-0.0,-0.0,-0.0,0.0,0.0,0.0
26.87,32.15,56.63,-0.11999999999999744,-0.13000000000000256,-0.23999999999999488,2.107554893933755,1.7614307931570763,1.0,2.1069705005842545,1.7612472196500808,1.0,2.1069042850574475,1.7613063598164937,1.0,56.612518139493616,56.62599946810027,56.63,0.010534521425287238,0.00880653179908247,0.005,56.60198361806833,56.61719293630119,56.625,56.6230526609189,56.63480599989935,56.635000000000005,56.6230526609189,56.625,0.0019473390810986757,3.4387057762646576e-05,SPTL,VGLT,2026-03-05,False,3721.0,3110.0,1766.0,0.0,0.0,0.0,,,0.0,0.0,0.0,False,True,False,0.0,,,0.0,0.0,0.0,0.0,0.0,0.0,0.0,0.0,0.0,0.0,0.0,0.0,0.0,0.0,-0.0,-0.0,-0.0,-0.0,-0.0,-0.0,0.0,-0.0,-0.0,-0.0,0.0,0.0,0.0
26.79,32.05,56.45,-0.08000000000000185,-0.10000000000000142,-0.17999999999999972,2.1071295259425162,1.761310452418097,1.0,2.106933545531665,1.7612436554445303,1.0,2.1069705005842545,1.7612472196500808,1.0,56.44573971065218,56.44797338978508,56.45,0.010534852502921273,0.008806236098250405,0.005,56.435204858149255,56.43916715368683,56.445,56.4562745631551,56.456779625883335,56.455000000000005,56.455000000000005,56.445,-0.010000000000005116,-0.0001771479185120481,VGLT,VGLT,2026-03-06,False,3731.0,3119.0,1771.0,0.0,0.0,0.0,,,0.0,0.0,0.0,False,True,False,0.0,,,0.0,0.0,0.0,0.0,0.0,0.0,0.0,0.0,0.0,0.0,0.0,0.0,0.0,0.0,-0.0,-0.0,-0.0,-0.0,-0.0,-0.0,0.0,-0.0,-0.0,-0.0,0.0,0.0,0.0
26.99,32.28,56.86,0.1999999999999993,0.23000000000000398,0.4099999999999966,2.1067061874768434,1.761462205700124,1.0,2.106857016690096,1.7612052606299273,1.0,2.106933545531665,1.7612436554445303,1.0,56.86613639389963,56.85294519774944,56.86,0.010534667727658325,0.008806218277222652,0.005,56.85560172617197,56.84413897947222,56.855,56.87667106162729,56.861751416026664,56.865,56.861751416026664,56.85560172617197,-0.006149689854694884,-0.00010815493940722624,SCHQ,SPTL,2026-03-09,False,3706.0,3098.0,1759.0,0.0,0.0,0.0,,,0.0,0.0,0.0,False,True,False,0.0,,,0.0,0.0,0.0,0.0,0.0,0.0,0.0,0.0,0.0,0.0,0.0,0.0,0.0,0.0,-0.0,-0.0,-0.0,-0.0,-0.0,-0.0,0.0,0.0,0.0,0.0,0.0,0.0,0.0
26.74,32.0,56.35,-0.25,-0.28000000000000114,-0.509999999999998,2.107329842931937,1.7609375,1.0,2.1069321546032826,1.7612007003380685,1.0,2.106857016690096,1.7612052606299273,1.0,56.33735662629317,56.358568340157674,56.35,0.010534285083450482,0.008806026303149637,0.005,56.32682234120972,56.34976231385453,56.345,56.34789091137662,56.36737436646082,56.355000000000004,56.34789091137662,56.34976231385453,0.0018714024779029614,3.3210336786210494e-05,SPTL,SCHQ,2026-03-10,False,3740.0,3126.0,1775.0,0.0,0.0,0.0,,,0.0,0.0,0.0,False,True,False,0.0,,,0.0,0.0,0.0,0.0,0.0,0.0,0.0,0.0,0.0,0.0,0.0,0.0,0.0,0.0,-0.0,-0.0,-0.0,-0.0,-0.0,-0.0,0.0,-0.0,-0.0,-0.0,0.0,0.0,0.0
26.45,31.62,55.7,-0.28999999999999915,-0.379999999999999,-0.6499999999999986,2.10586011342155,1.7615433270082226,1.0,2.106782871827791,1.7612567227470322,1.0,2.1069321546032826,1.7612007003380685,1.0,55.72835548925683,55.68916614468973,55.7,0.010534660773016414,0.008806003501690344,0.005,55.71782082848381,55.68036014118804,55.695,55.738890150029846,55.69797214819142,55.705000000000005,55.69797214819142,55.71782082848381,0.019848680292390952,0.00035634973594956827,SCHQ,SPTL,2026-03-11,False,3782.0,3161.0,1795.0,0.0,0.0,0.0,,,0.0,0.0,0.0,False,False,False,-0.0,,,0.0,0.0,0.0,0.0,0.0,0.0,0.0,0.0,0.0,0.0,0.0,0.0,0.0,0.0,-0.0,-0.0,-0.0,-0.0,-0.0,-0.0,0.0,-0.0,-0.0,-0.0,0.0,0.0,0.0
26.37,31.55,55.55,-0.0799999999999983,-0.07000000000000028,-0.15000000000000568,2.1065604854000757,1.7606973058637083,1.0,2.1067468661751945,1.7612554619013345,1.0,2.106782871827791,1.7612567227470322,1.0,55.55586433009884,55.567649602668865,55.55,0.010533914359138955,0.008806283613735161,0.005,55.545330415739706,55.55884331905513,55.544999999999995,55.56639824445798,55.5764558862826,55.555,55.555,55.55884331905513,0.003843319055128802,6.91866616584843e-05,VGLT,SCHQ,2026-03-12,False,3792.0,3170.0,1800.0,0.0,0.0,0.0,,,0.0,0.0,-0.0,False,True,False,0.0,,,0.0,0.0,0.0,0.0,0.0,0.0,0.0,0.0,0.0,0.0,0.0,0.0,0.0,0.0,-0.0,-0.0,-0.0,-0.0,-0.0,-0.0,0.0,-0.0,-0.0,-0.0,0.0,0.0,0.0
26.24,31.4,55.29,-0.13000000000000256,-0.15000000000000213,-0.259999999999998,2.1070884146341466,1.7608280254777071,1.0,2.106822058694691,1.7612115896622598,1.0,2.1067468661751945,1.7612554619013345,1.0,55.2810377684371,55.303421503701905,55.29,0.010533734330875972,0.008806277309506673,0.005,55.270504034106224,55.2946152263924,55.285,55.29157150276798,55.31222778101141,55.295,55.29157150276798,55.2946152263924,0.003043723624422512,5.5050165028441165e-05,SPTL,SCHQ,2026-03-13,False,3811.0,3186.0,1809.0,0.0,0.0,0.0,,,0.0,0.0,0.0,False,True,False,0.0,,,0.0,0.0,0.0,0.0,0.0,0.0,0.0,0.0,0.0,0.0,0.0,0.0,0.0,0.0,-0.0,-0.0,-0.0,-0.0,-0.0,-0.0,0.0,-0.0,-0.0,-0.0,0.0,0.0,0.0
26.45,31.63,55.7,0.21000000000000085,0.23000000000000043,0.4100000000000037,2.10586011342155,1.7609864053114133,1.0,2.106714854697613,1.7611696629924147,1.0,2.106822058694691,1.7612115896622598,1.0,55.72544345247458,55.70712258101727,55.7,0.010534110293473455,0.008806057948311298,0.005,55.71490934218111,55.69831652306896,55.695,55.73597756276805,55.715928638965586,55.705000000000005,55.705000000000005,55.71490934218111,0.009909342181103398,0.0001779056046876732,VGLT,SPTL,2026-03-16,False,3782.0,3161.0,1795.0,0.0,0.0,0.0,,,0.0,0.0,0.0,False,False,False,-0.0,,,0.0,0.0,0.0,0.0,0.0,0.0,0.0,0.0,0.0,0.0,0.0,0.0,0.0,0.0,-0.0,-0.0,-0.0,-0.0,-0.0,-0.0,0.0,0.0,0.0,0.0,0.0,0.0,0.0
26.53,31.73,55.88,0.08000000000000185,0.10000000000000142,0.17999999999999972,2.1062947606483227,1.7611093602269146,1.0,2.1067461032882946,1.7612077370206634,1.0,2.106714854697613,1.7611696629924147,1.0,55.89114509512767,55.88191340674932,55.88,0.010533574273488064,0.008805848314962074,0.005,55.88061152085418,55.873107558434356,55.875,55.90167866940116,55.89071925506428,55.885000000000005,55.885000000000005,55.88061152085418,-0.004388479145823965,-7.853398614574024e-05,VGLT,SPTL,2026-03-17,False,3771.0,3152.0,1790.0,0.0,0.0,0.0,,,0.0,0.0,-0.0,False,True,False,0.0,,,0.0,0.0,0.0,0.0,0.0,0.0,0.0,0.0,0.0,0.0,0.0,0.0,0.0,0.0,-0.0,-0.0,-0.0,-0.0,-0.0,-0.0,0.0,0.0,0.0,0.0,0.0,0.0,0.0
26.36,31.54,55.55,-0.1700000000000017,-0.19000000000000128,-0.3300000000000054,2.1073596358118363,1.7612555485098287,1.0,2.1067743973622535,1.7611560923673093,1.0,2.1067461032882946,1.7612077370206634,1.0,55.53382728267945,55.548492025631724,55.55,0.010533730516441473,0.008806038685103316,0.005,55.523293552163004,55.53968598694662,55.544999999999995,55.54436101319589,55.557298064316825,55.555,55.54436101319589,55.544999999999995,0.0006389868041054569,1.1502912765174744e-05,SPTL,VGLT,2026-03-18,False,3792.0,3170.0,1800.0,0.0,0.0,0.0,,,0.0,0.0,0.0,False,True,False,0.0,,,0.0,0.0,0.0,0.0,0.0,0.0,0.0,0.0,0.0,0.0,0.0,0.0,0.0,0.0,-0.0,-0.0,-0.0,-0.0,-0.0,-0.0,0.0,-0.0,-0.0,-0.0,0.0,0.0,0.0
26.5,31.7,55.82,0.14000000000000057,0.16000000000000014,0.2700000000000031,2.1064150943396225,1.7608832807570978,1.0,2.10666041740284,1.7611013411273113,1.0,2.1067743973622535,1.7611560923673093,1.0,55.82952153009972,55.8286481280437,55.82,0.010533871986811268,0.008805780461836547,0.005,55.81898765811291,55.81984234758187,55.815,55.84005540208653,55.83745390850554,55.825,55.825,55.81984234758187,-0.005157652418134262,-9.239792938255575e-05,VGLT,SCHQ,2026-03-19,False,3773.0,3154.0,1791.0,0.0,0.0,0.0,,,0.0,0.0,0.0,False,True,False,0.0,,,0.0,0.0,0.0,0.0,0.0,0.0,0.0,0.0,0.0,0.0,0.0,0.0,0.0,0.0,-0.0,-0.0,-0.0,-0.0,-0.0,-0.0,0.0,0.0,0.0,0.0,0.0,0.0,0.0
26.0,31.11,54.78,-0.5,-0.5899999999999999,-1.0399999999999991,2.106923076923077,1.7608486017357763,1.0,2.106639772500896,1.7610551560590793,1.0,2.10666041740284,1.7611013411273113,1.0,54.77317085247384,54.787862722470656,54.78,0.010533302087014201,0.008805506705636557,0.005,54.76263755038683,54.77905721576502,54.775,54.78370415456085,54.79666822917629,54.785000000000004,54.78370415456085,54.77905721576502,-0.004646938795829669,-8.482911273876724e-05,SPTL,SCHQ,2026-03-20,False,3845.0,3214.0,1825.0,0.0,0.0,0.0,,,0.0,0.0,0.0,False,True,False,0.0,,,0.0,0.0,0.0,0.0,0.0,0.0,0.0,0.0,0.0,0.0,0.0,0.0,0.0,0.0,-0.0,-0.0,-0.0,-0.0,-0.0,-0.0,0.0,-0.0,-0.0,-0.0,0.0,0.0,0.0
26.17,31.29,55.12,0.1700000000000017,0.17999999999999972,0.3399999999999963,2.1062285059228123,1.761585170981144,1.0,2.106592004345493,1.7610674525871812,1.0,2.106639772500896,1.7610551560590793,1.0,55.13076284634845,55.10341583308859,55.12,0.01053319886250448,0.008805275780295397,0.005,55.12022964748595,55.09461055730829,55.114999999999995,55.14129604521096,55.11222110886889,55.125,55.11222110886889,55.12022964748595,0.0080085386170623,0.00014529279058531023,SCHQ,SPTL,2026-03-23,False,3821.0,3195.0,1814.0,0.0,0.0,0.0,,,0.0,0.0,0.0,False,False,False,-0.0,,,0.0,0.0,0.0,0.0,0.0,0.0,0.0,0.0,0.0,0.0,0.0,0.0,0.0,0.0,-0.0,-0.0,-0.0,-0.0,-0.0,-0.0,0.0,0.0,0.0,0.0,0.0,0.0,0.0
26.06,31.18,54.9,-0.11000000000000298,-0.10999999999999943,-0.21999999999999886,2.1066768994627783,1.7607440667094292,1.0,2.106526709998577,1.7610481092581243,1.0,2.106592004345493,1.7610674525871812,1.0,54.89778763324354,54.91008317166831,54.9,0.010532960021727465,0.008805337262935906,0.005,54.88725467322181,54.90127783440538,54.894999999999996,54.908320593265266,54.918888508931246,54.905,54.905,54.90127783440538,-0.003722165594624016,-6.779900900954492e-05,VGLT,SCHQ,2026-03-24,False,3836.0,3207.0,1821.0,0.0,0.0,0.0,,,0.0,0.0,-0.0,False,True,False,0.0,,,0.0,0.0,0.0,0.0,0.0,0.0,0.0,0.0,0.0,0.0,0.0,0.0,0.0,0.0,-0.0,-0.0,-0.0,-0.0,-0.0,-0.0,0.0,-0.0,-0.0,-0.0,0.0,0.0,0.0
26.3,31.45,55.39,0.240000000000002,0.2699999999999996,0.490000000000002,2.106083650190114,1.7612082670906202,1.0,2.1065490636754336,1.7610146032663638,1.0,2.106526709998577,1.7610481092581243,1.0,55.401652472962574,55.38496303616801,55.39,0.010532633549992884,0.008805240546290621,0.005,55.39111983941258,55.37615779562172,55.385,55.41218510651257,55.3937682767143,55.395,55.3937682767143,55.39111983941258,-0.0026484373017154894,-4.781435821836955e-05,SCHQ,SPTL,2026-03-25,False,3802.0,3179.0,1805.0,0.0,0.0,0.0,,,0.0,0.0,0.0,False,True,False,0.0,,,0.0,0.0,0.0,0.0,0.0,0.0,0.0,0.0,0.0,0.0,0.0,0.0,0.0,0.0,-0.0,-0.0,-0.0,-0.0,-0.0,-0.0,0.0,0.0,0.0,0.0,0.0,0.0,0.0
26.09,31.2,54.94,-0.21000000000000085,-0.25,-0.45000000000000284,2.105787658106554,1.7608974358974359,1.0,2.106471780946081,1.7610346162697368,1.0,2.1065490636754336,1.7610146032663638,1.0,54.959865071292064,54.94365562191055,54.94,0.010532745318377168,0.00880507301633182,0.005,54.949332325973685,54.93485054889422,54.934999999999995,54.97039781661044,54.952460694926884,54.945,54.945,54.949332325973685,0.004332325973685158,7.885558743511392e-05,VGLT,SPTL,2026-03-26,False,3834.0,3205.0,1820.0,0.0,0.0,0.0,,,0.0,0.0,0.0,False,True,False,0.0,,,0.0,0.0,0.0,0.0,0.0,0.0,0.0,0.0,0.0,0.0,0.0,0.0,0.0,0.0,-0.0,-0.0,-0.0,-0.0,-0.0,-0.0,0.0,-0.0,-0.0,-0.0,0.0,0.0,0.0
25.98,31.04,54.7,-0.10999999999999943,-0.16000000000000014,-0.23999999999999488,2.105465742879138,1.7622422680412373,1.0,2.1063095137705803,1.76117604052609,1.0,2.106471780946081,1.7610346162697368,1.0,54.72613686897919,54.66251448901263,54.7,0.010532358904730406,0.008805173081348684,0.005,54.715604510074456,54.65370931593128,54.695,54.73666922788392,54.67131966209398,54.705000000000005,54.67131966209398,54.715604510074456,0.04428484798047805,0.0008095950270654122,SCHQ,SPTL,2026-03-27,False,3851.0,3219.0,1828.0,0.0,0.0,0.0,,,0.0,0.0,0.0,False,False,False,-0.0,,,0.0,0.0,0.0,0.0,0.0,0.0,0.0,0.0,0.0,0.0,0.0,0.0,0.0,0.0,-0.0,-0.0,-0.0,-0.0,-0.0,-0.0,0.0,-0.0,-0.0,-0.0,0.0,0.0,0.0
26.29,31.44,55.37,0.3099999999999987,0.40000000000000213,0.6699999999999946,2.106124001521491,1.7611323155216283,1.0,2.1063359025805743,1.7611906315471113,1.0,2.1063095137705803,1.76117604052609,1.0,55.374877117028554,55.371374714140266,55.37,0.010531547568852901,0.00880588020263045,0.005,55.3643455694597,55.36256883393764,55.364999999999995,55.385408664597406,55.380180594342896,55.375,55.375,55.364999999999995,-0.010000000000005116,-0.00018060321473731473,VGLT,VGLT,2026-03-30,False,3804.0,3181.0,1806.0,0.0,0.0,0.0,,,0.0,0.0,-0.0,False,True,False,0.0,,,0.0,0.0,0.0,0.0,0.0,0.0,0.0,0.0,0.0,0.0,0.0,0.0,0.0,0.0,-0.0,-0.0,-0.0,-0.0,-0.0,-0.0,0.0,0.0,0.0,0.0,0.0,0.0,0.0
26.3,31.43,55.36,0.010000000000001563,-0.010000000000001563,-0.00999999999999801,2.104942965779468,1.7613744829780464,1.0,2.1062007230936888,1.7612171438222244,1.0,2.1063359025805743,1.7611906315471113,1.0,55.39663423786911,55.35422154952571,55.36,0.010531679512902872,0.008805953157735557,0.005,55.38610255835621,55.34541559636798,55.355,55.40716591738201,55.363027502683444,55.365,55.363027502683444,55.38610255835621,0.0230750556727628,0.000416818202181409,SCHQ,SPTL,2026-03-31,False,3804.0,3181.0,1806.0,0.0,0.0,0.0,,,0.0,0.0,0.0,False,False,False,-0.0,,,0.0,0.0,0.0,0.0,0.0,0.0,0.0,0.0,0.0,0.0,0.0,0.0,0.0,0.0,-0.0,-0.0,-0.0,-0.0,-0.0,-0.0,0.0,0.0,-0.0,-0.0,0.0,0.0,0.0
26.17,31.29,55.1,-0.129999999999999,-0.14000000000000057,-0.259999999999998,2.1054642720672523,1.7609459891339088,1.0,2.1060111867192304,1.7611861878846322,1.0,2.1062007230936888,1.7612171438222244,1.0,55.11927292336184,55.1084844301974,55.1,0.010531003615468444,0.008806085719111121,0.005,55.10874191974637,55.09967834447829,55.095,55.12980392697731,55.11729051591651,55.105000000000004,55.105000000000004,55.10874191974637,0.003741919746367728,6.791142915367928e-05,VGLT,SPTL,2026-04-01,True,3823.0,3197.0,1815.0,0.0,0.0,0.0,,,0.0,0.0,-0.0,False,True,False,0.0,,,0.0,0.0,0.0,0.0,0.0,0.0,0.0,0.0,0.0,0.0,0.0,0.0,0.0,0.0,-0.0,-0.0,-0.0,-0.0,-0.0,-0.0,0.0,-0.0,-0.0,-0.0,0.0,0.0,0.0
26.29,31.45,55.37,0.11999999999999744,0.16000000000000014,0.269999999999996,2.106124001521491,1.7605723370429252,1.0,2.105982077437418,1.761155093513215,1.0,2.1060111867192304,1.7611861878846322,1.0,55.36703409884856,55.38930560897168,55.37,0.010530055933596152,0.00880593093942316,0.005,55.35650404291497,55.38049967803226,55.364999999999995,55.377564154782156,55.398111539911106,55.375,55.375,55.38049967803226,0.0054996780322582595,9.932595326455228e-05,VGLT,SCHQ,2026-04-02,False,3803.0,3181.0,1806.0,0.0,0.0,0.0,,,0.0,0.0,0.0,False,True,True,0.0,,,0.0,0.0,0.0,0.0,0.0,0.0,0.0,0.0,0.0,0.0,0.0,0.0,0.0,0.0,-0.0,-0.0,-0.0,-0.0,-0.0,-0.0,0.0,0.0,0.0,0.0,0.0,0.0,0.0
26.27,31.41,55.3,-0.019999999999999574,-0.03999999999999915,-0.07000000000000028,2.105062809288161,1.7605858007004138,1.0,2.105796050673926,1.761128813409679,1.0,2.105982077437418,1.761155093513215,1.0,55.32414917428097,55.317881487250084,55.3,0.01052991038718709,0.008805775467566074,0.005,55.313619263893784,55.30907571178252,55.294999999999995,55.33467908466815,55.32668726271765,55.305,55.305,55.313619263893784,0.008619263893784535,0.00015586372321491022,VGLT,SPTL,2026-04-06,False,3808.0,3184.0,1808.0,0.0,0.0,0.0,,,0.0,0.0,0.0,False,False,False,-0.0,,,0.0,0.0,0.0,0.0,0.0,0.0,0.0,0.0,0.0,0.0,0.0,0.0,0.0,0.0,-0.0,-0.0,-0.0,-0.0,-0.0,-0.0,0.0,-0.0,-0.0,-0.0,0.0,0.0,0.0
26.26,31.39,55.3,-0.00999999999999801,-0.019999999999999574,0.0,2.1058644325971057,1.7617075501752149,1.0,2.1057596433413552,1.761141051329086,1.0,2.105796050673926,1.761128813409679,1.0,55.298204290697306,55.281833452929824,55.3,0.010528980253369631,0.008805644067048394,0.005,55.28767531044394,55.27302780886278,55.294999999999995,55.308733270950675,55.29063909699687,55.305,55.29063909699687,55.294999999999995,0.004360903003124861,7.885900548146222e-05,SCHQ,VGLT,2026-04-07,False,3807.0,3184.0,1808.0,0.0,0.0,0.0,,,0.0,0.0,-0.0,False,True,False,0.0,,,0.0,0.0,0.0,0.0,0.0,0.0,0.0,0.0,0.0,0.0,0.0,0.0,0.0,0.0,-0.0,-0.0,-0.0,-0.0,-0.0,-0.0,0.0,-0.0,-0.0,0.0,0.0,0.0,0.0
26.35,31.51,55.5,0.08999999999999986,0.120000000000001,0.20000000000000284,2.1062618595825424,1.7613456045699778,1.0,2.1057181393533315,1.761201205115141,1.0,2.1057596433413552,1.761141051329086,1.0,55.48676660204471,55.4935545273795,55.5,0.010528798216706776,0.00880570525664543,0.005,55.476237803828006,55.48474882212285,55.495,55.497295400261414,55.50236023263615,55.505,55.497295400261414,55.495,-0.0022954002614170577,-4.135856326877581e-05,SPTL,VGLT,2026-04-08,False,3795.0,3174.0,1802.0,0.0,0.0,0.0,,,0.0,0.0,0.0,False,True,False,0.0,,,0.0,0.0,0.0,0.0,0.0,0.0,0.0,0.0,0.0,0.0,0.0,0.0,0.0,0.0,-0.0,-0.0,-0.0,-0.0,-0.0,-0.0,0.0,0.0,0.0,0.0,0.0,0.0,0.0
26.31,31.46,55.4,-0.0400000000000027,-0.05000000000000071,-0.10000000000000142,2.1056632459141014,1.7609663064208518,1.0,2.10567609892573,1.7611770090481642,1.0,2.1057181393533315,1.761201205115141,1.0,55.40144424638615,55.40738991292234,55.4,0.010528590696766657,0.008806006025575706,0.005,55.39091565568938,55.39858390689677,55.394999999999996,55.411972837082914,55.41619591894791,55.405,55.405,55.39858390689677,-0.006416093103233322,-0.00011581395493200943,VGLT,SCHQ,2026-04-09,False,3801.0,3179.0,1805.0,0.0,0.0,0.0,,,0.0,0.0,0.0,False,True,False,0.0,,,0.0,0.0,0.0,0.0,0.0,0.0,0.0,0.0,0.0,0.0,0.0,0.0,0.0,0.0,-0.0,-0.0,-0.0,-0.0,-0.0,-0.0,0.0,-0.0,-0.0,-0.0,0.0,0.0,0.0
26.24,31.37,55.26,-0.07000000000000028,-0.08999999999999986,-0.14000000000000057,2.1059451219512195,1.7615556263946444,1.0,2.1056918453101967,1.7612428280978847,1.0,2.10567609892573,1.7611770090481642,1.0,55.25294083581115,55.24812277384091,55.26,0.010528380494628651,0.008805885045240821,0.005,55.242412455316526,55.23931688879567,55.254999999999995,55.26346921630578,55.25692865888615,55.265,55.25692865888615,55.254999999999995,-0.0019286588861575638,-3.4901536123010566e-05,SCHQ,VGLT,2026-04-10,False,3811.0,3188.0,1810.0,0.0,0.0,0.0,,,0.0,0.0,0.0,False,True,False,0.0,,,0.0,0.0,0.0,0.0,0.0,0.0,0.0,0.0,0.0,0.0,0.0,0.0,0.0,0.0,-0.0,-0.0,-0.0,-0.0,-0.0,-0.0,0.0,-0.0,-0.0,-0.0,0.0,0.0,0.0
26.33,31.47,55.43,0.08999999999999986,0.09999999999999787,0.1700000000000017,2.1052031902772503,1.761360025421036,1.0,2.105665590050008,1.7611546038358648,1.0,2.1056918453101967,1.7612428280978847,1.0,55.44286628701747,55.42631180024043,55.43,0.010528459226550983,0.008806214140489424,0.005,55.432337827790924,55.417505586099935,55.425,55.45339474624402,55.43511801438092,55.435,55.435,55.432337827790924,-0.002662172209078051,-4.802764223485569e-05,VGLT,SPTL,2026-04-13,False,3799.0,3177.0,1804.0,0.0,0.0,0.0,,,0.0,0.0,0.0,False,True,False,0.0,,,0.0,0.0,0.0,0.0,0.0,0.0,0.0,0.0,0.0,0.0,0.0,0.0,0.0,0.0,-0.0,-0.0,-0.0,-0.0,-0.0,-0.0,0.0,0.0,0.0,0.0,0.0,0.0,0.0
26.46,31.64,55.71,0.13000000000000256,0.1700000000000017,0.28000000000000114,2.1054421768707483,1.7607458912768648,1.0,2.105597407584934,1.7611159614113885,1.0,2.105665590050008,1.7611546038358648,1.0,55.71591151272322,55.722931665366765,55.71,0.01052832795025004,0.008805773019179324,0.005,55.70538318477297,55.71412589234759,55.705,55.726439840673464,55.73173743838594,55.715,55.715,55.71412589234759,-0.0008741076524145797,-1.569031865759432e-05,VGLT,SCHQ,2026-04-14,False,3780.0,3161.0,1795.0,0.0,0.0,0.0,,,0.0,0.0,0.0,False,True,False,0.0,,,0.0,0.0,0.0,0.0,0.0,0.0,0.0,0.0,0.0,0.0,0.0,0.0,0.0,0.0,-0.0,-0.0,-0.0,-0.0,-0.0,-0.0,0.0,0.0,0.0,0.0,0.0,0.0,0.0
26.35,31.51,55.49,-0.10999999999999943,-0.129999999999999,-0.21999999999999886,2.1058823529411765,1.7610282450015868,1.0,2.105691346301105,1.7610813376137426,1.0,2.105597407584934,1.7611159614113885,1.0,55.48249168986302,55.492763944072856,55.49,0.010527987037924671,0.008805579807056943,0.005,55.47196370282509,55.483958364265796,55.485,55.49301967690094,55.501569523879915,55.495000000000005,55.49301967690094,55.485,-0.008019676900943296,-0.0001445247233905802,SPTL,VGLT,2026-04-15,False,3794.0,3174.0,1802.0,0.0,0.0,0.0,,,0.0,0.0,0.0,False,True,False,0.0,,,0.0,0.0,0.0,0.0,0.0,0.0,0.0,0.0,0.0,0.0,0.0,0.0,0.0,0.0,-0.0,-0.0,-0.0,-0.0,-0.0,-0.0,0.0,-0.0,-0.0,-0.0,0.0,0.0,0.0
26.2,31.34,55.19,-0.15000000000000213,-0.1700000000000017,-0.30000000000000426,2.1064885496183208,1.761008296107211,1.0,2.105793774056212,1.7610875683110727,1.0,2.105691346301105,1.7610813376137426,1.0,55.169113273088946,55.19228912081469,55.19,0.010528456731505525,0.008805406688068713,0.005,55.15858481635744,55.18348371412662,55.184999999999995,55.17964172982045,55.20109452750276,55.195,55.17964172982045,55.184999999999995,0.005358270179542046,9.708770029972905e-05,SPTL,VGLT,2026-04-16,False,3816.0,3191.0,1812.0,0.0,0.0,0.0,,,0.0,0.0,0.0,False,True,False,0.0,,,0.0,0.0,0.0,0.0,0.0,0.0,0.0,0.0,0.0,0.0,0.0,0.0,0.0,0.0,-0.0,-0.0,-0.0,-0.0,-0.0,-0.0,0.0,-0.0,-0.0,-0.0,0.0,0.0,0.0
26.44,31.6,55.65,0.240000000000002,0.26000000000000156,0.46000000000000085,2.104765506807867,1.7610759493670884,1.0,2.1056579245848495,1.761137929543489,1.0,2.105793774056212,1.7610875683110727,1.0,55.67718738604624,55.6503671586299,55.65,0.010528968870281059,0.008805437841555365,0.005,55.66665841717596,55.641561720788346,55.644999999999996,55.687716354916525,55.65917259647145,55.655,55.655,55.66665841717596,0.011658417175958391,0.00020949536704327747,VGLT,SPTL,2026-04-17,False,3784.0,3165.0,1797.0,0.0,0.0,0.0,,,0.0,0.0,0.0,False,False,False,-0.0,,,0.0,0.0,0.0,0.0,0.0,0.0,0.0,0.0,0.0,0.0,0.0,0.0,0.0,0.0,-0.0,-0.0,-0.0,-0.0,-0.0,-0.0,0.0,0.0,0.0,0.0,0.0,0.0,0.0
26.42,31.58,55.64,-0.019999999999999574,-0.020000000000003126,-0.00999999999999801,2.1059803179409537,1.7618746041798607,1.0,2.1057496754501286,1.7612668098914337,1.0,2.1056579245848495,1.761137929543489,1.0,55.631482367531724,55.61673581498338,55.64,0.010528289622924248,0.008805689647717446,0.005,55.6209540779088,55.60793012533566,55.635,55.64201065715465,55.625541504631094,55.645,55.625541504631094,55.635,0.009458495368903641,0.0001699945249623228,SCHQ,VGLT,2026-04-20,False,3784.0,3165.0,1797.0,0.0,0.0,0.0,,,0.0,0.0,-0.0,False,False,False,0.0,,,0.0,0.0,0.0,0.0,0.0,0.0,0.0,0.0,0.0,0.0,0.0,0.0,0.0,0.0,-0.0,-0.0,-0.0,-0.0,-0.0,-0.0,0.0,-0.0,-0.0,-0.0,0.0,0.0,0.0
26.28,31.4,55.32,-0.14000000000000057,-0.17999999999999972,-0.3200000000000003,2.105022831050228,1.761783439490446,1.0,2.105665515295441,1.7612743988229567,1.0,2.1057496754501286,1.7612668098914337,1.0,55.339101470829384,55.30377783059102,55.32,0.010528748377250643,0.008806334049457168,0.005,55.32857272245214,55.29497149654156,55.315,55.34963021920663,55.31258416464048,55.325,55.31258416464048,55.32857272245214,0.015988557811660087,0.000289019483218729,SCHQ,SPTL,2026-04-21,False,3807.0,3184.0,1808.0,0.0,0.0,0.0,,,0.0,0.0,0.0,False,False,False,-0.0,,,0.0,0.0,0.0,0.0,0.0,0.0,0.0,0.0,0.0,0.0,0.0,0.0,0.0,0.0,-0.0,-0.0,-0.0,-0.0,-0.0,-0.0,0.0,-0.0,-0.0,-0.0,0.0,0.0,0.0
26.33,31.47,55.44,0.04999999999999716,0.07000000000000028,0.11999999999999744,2.1055829851879984,1.761677788369876,1.0,2.1055976278559863,1.7613076172029465,1.0,2.105665515295441,1.7612743988229567,1.0,55.44217301772896,55.42730533095845,55.44,0.010528327576477205,0.008806371994114784,0.005,55.43164469015248,55.418498958964335,55.434999999999995,55.45270134530544,55.43611170295256,55.445,55.43611170295256,55.434999999999995,-0.0011117029525635758,-2.0052362059227556e-05,SCHQ,VGLT,2026-04-22,False,3799.0,3177.0,1804.0,0.0,0.0,0.0,,,0.0,0.0,-0.0,False,True,False,0.0,,,0.0,0.0,0.0,0.0,0.0,0.0,0.0,0.0,0.0,0.0,0.0,0.0,0.0,0.0,-0.0,-0.0,-0.0,-0.0,-0.0,-0.0,0.0,0.0,0.0,0.0,0.0,0.0,0.0
26.27,31.42,55.32,-0.05999999999999872,-0.04999999999999716,-0.11999999999999744,2.1058241339931483,1.7606619987269254,1.0,2.1056137166638913,1.7612771864335541,1.0,2.1055976278559863,1.7613076172029465,1.0,55.31404968377676,55.34028533251658,55.32,0.010527988139279932,0.008806538086014733,0.005,55.30352169563748,55.331478794430566,55.315,55.32457767191604,55.34909187060259,55.325,55.32457767191604,55.331478794430566,0.006901122514527458,0.0001247491416219714,SPTL,SCHQ,2026-04-23,False,3807.0,3184.0,1808.0,0.0,0.0,0.0,,,0.0,0.0,0.0,False,False,False,-0.0,,,0.0,0.0,0.0,0.0,0.0,0.0,0.0,0.0,0.0,0.0,0.0,0.0,0.0,0.0,-0.0,-0.0,-0.0,-0.0,-0.0,-0.0,0.0,-0.0,-0.0,-0.0,0.0,0.0,0.0
26.32,31.49,55.43,0.05000000000000071,0.06999999999999673,0.10999999999999943,2.106003039513678,1.7602413464591935,1.0,2.105619508420137,1.761145758440009,1.0,2.1056137166638913,1.7612771864335541,1.0,55.41975302259362,55.46261860079262,55.43,0.010528068583319457,0.008806385932167772,0.005,55.4092249540103,55.45381221486045,55.425,55.43028109117694,55.471424986724784,55.435,55.43028109117694,55.45381221486045,0.023531123683511623,0.0004245196406911713,SPTL,SCHQ,2026-04-24,False,3799.0,3177.0,1804.0,0.0,0.0,0.0,,,0.0,0.0,-0.0,False,False,False,0.0,,,0.0,0.0,0.0,0.0,0.0,0.0,0.0,0.0,0.0,0.0,0.0,0.0,0.0,0.0,-0.0,-0.0,-0.0,-0.0,-0.0,-0.0,0.0,0.0,0.0,0.0,0.0,0.0,0.0
26.21,31.32,55.18,-0.10999999999999943,-0.16999999999999815,-0.25,2.105303319343762,1.7618135376756066,1.0,2.105629521326788,1.7611911096654658,1.0,2.105619508420137,1.761145758440009,1.0,55.188287315691795,55.159085154341085,55.18,0.010528097542100686,0.008805728792200046,0.005,55.177759218149696,55.15027942554889,55.175,55.198815413233895,55.16789088313328,55.185,55.16789088313328,55.177759218149696,0.00986833501641371,0.00017883898181249926,SCHQ,SPTL,2026-04-27,False,3815.0,3191.0,1812.0,0.0,0.0,0.0,,,0.0,0.0,0.0,False,False,False,-0.0,,,0.0,0.0,0.0,0.0,0.0,0.0,0.0,0.0,0.0,0.0,0.0,0.0,0.0,0.0,-0.0,-0.0,-0.0,-0.0,-0.0,-0.0,0.0,-0.0,-0.0,-0.0,0.0,0.0,0.0
26.22,31.34,55.22,0.00999999999999801,0.019999999999999574,0.03999999999999915,2.1060259344012207,1.7619655392469686,1.0,2.105687897079835,1.761313074462476,1.0,2.105629521326788,1.7611911096654658,1.0,55.20960604918838,55.1957293769157,55.22,0.010528147606633939,0.008805955548327329,0.005,55.199077901581745,55.186923421367375,55.214999999999996,55.220134196795016,55.204535332464026,55.225,55.204535332464026,55.214999999999996,0.010464667535970307,0.00018950864788066474,SCHQ,VGLT,2026-04-28,False,3813.0,3190.0,1811.0,0.0,0.0,0.0,,,0.0,0.0,-0.0,False,False,False,0.0,,,0.0,0.0,0.0,0.0,0.0,0.0,0.0,0.0,0.0,0.0,0.0,0.0,0.0,0.0,-0.0,-0.0,-0.0,-0.0,-0.0,-0.0,0.0,0.0,0.0,0.0,0.0,0.0,0.0
26.02,31.1,54.79,-0.1999999999999993,-0.23999999999999844,-0.4299999999999997,2.1056879323597233,1.7617363344051447,1.0,2.10566845502169,1.7613838834028321,1.0,2.105687897079835,1.761313074462476,1.0,54.7899990820173,54.77683661578301,54.79,0.010528439485399175,0.008806565372312381,0.005,54.779470642531905,54.7680300504107,54.785,54.8005275215027,54.78564318115532,54.795,54.78564318115532,54.785,-0.0006431811553255784,-1.173902455421753e-05,SCHQ,VGLT,2026-04-29,False,3843.0,3214.0,1825.0,0.0,0.0,0.0,,,0.0,0.0,0.0,False,True,False,0.0,,,0.0,0.0,0.0,0.0,0.0,0.0,0.0,0.0,0.0,0.0,0.0,0.0,0.0,0.0,-0.0,-0.0,-0.0,-0.0,-0.0,-0.0,0.0,-0.0,-0.0,-0.0,0.0,0.0,0.0
26.01,31.09,54.77,-0.00999999999999801,-0.010000000000001563,-0.01999999999999602,2.1057285659361784,1.7616596976519783,1.0,2.105592456653476,1.7614490235573086,1.0,2.10566845502169,1.7613838834028321,1.0,54.76843651511417,54.761424934994054,54.77,0.010528342275108451,0.008806919417014161,0.005,54.75790817283906,54.75261801557704,54.765,54.778964857389276,54.770231854411065,54.775000000000006,54.770231854411065,54.765,-0.0052318544110647736,-9.552409003222153e-05,SCHQ,VGLT,2026-04-30,False,3845.0,3216.0,1826.0,0.0,0.0,0.0,,,0.0,0.0,0.0,False,True,False,0.0,,,0.0,0.0,0.0,0.0,0.0,0.0,0.0,0.0,0.0,0.0,0.0,0.0,0.0,0.0,-0.0,-0.0,-0.0,-0.0,-0.0,-0.0,0.0,-0.0,-0.0,-0.0,0.0,0.0,0.0
26.0,31.08,54.73,-0.010000000000001563,-0.010000000000001563,-0.04000000000000625,2.105,1.760939510939511,1.0,2.1056159059726887,1.7614353797145512,1.0,2.105592456653476,1.7614490235573086,1.0,54.74540387299038,54.74583565216115,54.73,0.01052796228326738,0.008807245117786543,0.005,54.73487591070711,54.73702840704336,54.724999999999994,54.75593183527365,54.754642897278934,54.735,54.735,54.73702840704336,0.002028407043361824,3.706206912775122e-05,VGLT,SCHQ,2026-05-01,True,3847.0,3218.0,1827.0,0.0,0.0,0.0,,,0.0,0.0,0.0,False,True,False,0.0,,,0.0,0.0,0.0,0.0,0.0,0.0,0.0,0.0,0.0,0.0,0.0,0.0,0.0,0.0,-0.0,-0.0,-0.0,-0.0,-0.0,-0.0,0.0,-0.0,-0.0,-0.0,0.0,0.0,0.0
25.83,30.87,54.36,-0.1700000000000017,-0.2099999999999973,-0.36999999999999744,2.1045296167247387,1.760932944606414,1.0,2.1054708358510674,1.7613412137572062,1.0,2.1056159059726887,1.7614353797145512,1.0,54.38805885127454,54.3755101717882,54.36,0.010528079529863444,0.008807176898572756,0.005,54.37753077174468,54.36670299488963,54.355,54.398586930804406,54.38431734868677,54.365,54.365,54.37753077174468,0.01253077174467876,0.00023051456483956512,VGLT,SPTL,2026-05-04,False,3874.0,3241.0,1840.0,0.0,0.0,0.0,,,0.0,0.0,0.0,False,False,True,0.0,,,0.0,0.0,0.0,0.0,0.0,0.0,0.0,0.0,0.0,0.0,0.0,0.0,0.0,0.0,-0.0,-0.0,-0.0,-0.0,-0.0,-0.0,0.0,-0.0,-0.0,-0.0,0.0,0.0,0.0
25.95,31.01,54.61,0.120000000000001,0.14000000000000057,0.25,2.104431599229287,1.7610448242502417,1.0,2.1054117126689733,1.761267352233186,1.0,2.1054708358510674,1.7613412137572062,1.0,54.636968190335196,54.619191038610964,54.61,0.010527354179255337,0.008806706068786032,0.005,54.62644083615594,54.610384332542175,54.605,54.64749554451445,54.62799774467975,54.615,54.615,54.62644083615594,0.01144083615594127,0.00020950075363378997,VGLT,SPTL,2026-05-05,False,3855.0,3225.0,1831.0,0.0,0.0,0.0,,,0.0,0.0,0.0,False,False,False,-0.0,,,0.0,0.0,0.0,0.0,0.0,0.0,0.0,0.0,0.0,0.0,0.0,0.0,0.0,0.0,-0.0,-0.0,-0.0,-0.0,-0.0,-0.0,0.0,0.0,0.0,0.0,0.0,0.0,0.0
26.15,31.25,55.03,0.1999999999999993,0.23999999999999844,0.4200000000000017,2.104397705544933,1.76096,1.0,2.1052931847046668,1.7611955733961984,1.0,2.1054117126689733,1.761267352233186,1.0,55.05651628629365,55.039604757287066,55.03,0.010527058563344866,0.00880633676116593,0.005,55.0459892277303,55.0307984205259,55.025,55.067043344857,55.048411094048234,55.035000000000004,55.035000000000004,55.0459892277303,0.010989227730298978,0.00019969521588767905,VGLT,SPTL,2026-05-06,False,3826.0,3200.0,1817.0,0.0,0.0,0.0,,,0.0,0.0,-0.0,False,False,False,0.0,,,0.0,0.0,0.0,0.0,0.0,0.0,0.0,0.0,0.0,0.0,0.0,0.0,0.0,0.0,-0.0,-0.0,-0.0,-0.0,-0.0,-0.0,0.0,0.0,0.0,0.0,0.0,0.0,0.0
26.03,31.11,54.79,-0.11999999999999744,-0.14000000000000057,-0.240000000000002,2.104878985785632,1.7611700417872067,1.0,2.105198669883915,1.7612463777022263,1.0,2.1052931847046668,1.7611955733961984,1.0,54.800781597862475,54.79079428835573,54.79,0.010526465923523335,0.008805977866980992,0.005,54.79025513193895,54.78198831048874,54.785,54.811308063786,54.79960026622271,54.795,54.795,54.79025513193895,-0.004744868061052898,-8.660098669561778e-05,VGLT,SPTL,2026-05-07,False,3842.0,3214.0,1825.0,0.0,0.0,0.0,,,0.0,0.0,0.0,False,True,False,0.0,,,0.0,0.0,0.0,0.0,0.0,0.0,0.0,0.0,0.0,0.0,0.0,0.0,0.0,0.0,-0.0,-0.0,-0.0,-0.0,-0.0,-0.0,0.0,-0.0,-0.0,-0.0,0.0,0.0,0.0
26.14,31.24,55.02,0.10999999999999943,0.129999999999999,0.23000000000000398,2.1048201989288446,1.7612035851472474,1.0,2.105080385825432,1.761342601571032,1.0,2.105198669883915,1.7612463777022263,1.0,55.029893230765545,55.02133683941754,55.02,0.010525993349419576,0.008806231888511132,0.005,55.01936723741613,55.01253060752903,55.015,55.04041922411496,55.03014307130606,55.025000000000006,55.025000000000006,55.01936723741613,-0.005632762583879014,-0.00010237663729332995,VGLT,SPTL,2026-05-08,False,3827.0,3202.0,1818.0,0.0,0.0,0.0,,,0.0,0.0,0.0,False,True,False,0.0,,,0.0,0.0,0.0,0.0,0.0,0.0,0.0,0.0,0.0,0.0,0.0,0.0,0.0,0.0,-0.0,-0.0,-0.0,-0.0,-0.0,-0.0,0.0,0.0,0.0,0.0,0.0,0.0,0.0
25.99,31.06,54.72,-0.15000000000000213,-0.17999999999999972,-0.30000000000000426,2.1054251635244325,1.7617514488087573,1.0,2.105092570243499,1.7613363926843468,1.0,2.105080385825432,1.761342601571032,1.0,54.711039227602974,54.70730120479625,54.72,0.01052540192912716,0.00880671300785516,0.005,54.700513825673845,54.698494491788395,54.714999999999996,54.721564629532104,54.71610791780411,54.725,54.71610791780411,54.714999999999996,-0.0011079178041129012,-2.024703589387612e-05,SCHQ,VGLT,2026-05-11,False,3846.0,3218.0,1827.0,0.0,0.0,0.0,,,0.0,0.0,0.0,False,True,False,0.0,,,0.0,0.0,0.0,0.0,0.0,0.0,0.0,0.0,0.0,0.0,0.0,0.0,0.0,0.0,-0.0,-0.0,-0.0,-0.0,-0.0,-0.0,0.0,-0.0,-0.0,-0.0,0.0,0.0,0.0
25.84,30.88,54.38,-0.14999999999999858,-0.17999999999999972,-0.3399999999999963,2.1044891640866874,1.7610103626943006,1.0,2.104938893212046,1.76124087502908,1.0,2.105092570243499,1.7613363926843468,1.0,54.395592015092014,54.39006780609263,54.38,0.010525462851217495,0.008806681963421735,0.005,54.385066552240794,54.38126112412921,54.375,54.40611747794323,54.39887448805605,54.385000000000005,54.385000000000005,54.385066552240794,6.655224078855326e-05,1.2238367191716304e-06,VGLT,SPTL,2026-05-12,False,3871.0,3239.0,1839.0,0.0,0.0,0.0,,,0.0,0.0,0.0,False,True,False,0.0,,,0.0,0.0,0.0,0.0,0.0,0.0,0.0,0.0,0.0,0.0,0.0,0.0,0.0,0.0,-0.0,-0.0,-0.0,-0.0,-0.0,-0.0,0.0,-0.0,-0.0,-0.0,0.0,0.0,0.0
25.78,30.81,54.28,-0.05999999999999872,-0.07000000000000028,-0.10000000000000142,2.1055081458494955,1.7617656604998377,1.0,2.104920914561023,1.7612438076385495,1.0,2.104938893212046,1.76124087502908,1.0,54.265324667006546,54.263831359645955,54.28,0.01052469446606023,0.0088062043751454,0.005,54.25479997254048,54.25502515527081,54.275,54.27584936147261,54.2726375640211,54.285000000000004,54.2726375640211,54.275,0.0023624359788954052,4.352313888900894e-05,SCHQ,VGLT,2026-05-13,False,3877.0,3244.0,1842.0,0.0,0.0,0.0,,,0.0,0.0,0.0,False,True,False,0.0,,,0.0,0.0,0.0,0.0,0.0,0.0,0.0,0.0,0.0,0.0,0.0,0.0,0.0,0.0,-0.0,-0.0,-0.0,-0.0,-0.0,-0.0,0.0,-0.0,-0.0,-0.0,0.0,0.0,0.0
25.83,30.85,54.34,0.04999999999999716,0.0400000000000027,0.060000000000002274,2.1037553232675186,1.7614262560777958,1.0,2.104723590294157,1.7612204634811313,1.0,2.104920914561023,1.7612438076385495,1.0,54.37010722311122,54.334371465649255,54.34,0.010524604572805114,0.008806219038192748,0.005,54.35958261853841,54.32556524661106,54.335,54.38063182768403,54.34317768468745,54.345000000000006,54.34317768468745,54.35958261853841,0.0164049338509642,0.000301894255630552,SCHQ,SPTL,2026-05-14,False,3873.0,3241.0,1840.0,0.0,0.0,0.0,,,0.0,0.0,0.0,False,False,False,-0.0,,,0.0,0.0,0.0,0.0,0.0,0.0,0.0,0.0,0.0,0.0,0.0,0.0,0.0,0.0,-0.0,-0.0,-0.0,-0.0,-0.0,-0.0,0.0,0.0,0.0,0.0,0.0,0.0,0.0
25.45,30.42,53.58,-0.379999999999999,-0.4299999999999997,-0.7600000000000051,2.105304518664047,1.7613412228796843,1.0,2.1047540421605615,1.7612606346751485,1.0,2.104723590294157,1.7612204634811313,1.0,53.565215372986295,53.57632649909601,53.58,0.010523617951470785,0.008806102317405657,0.005,53.554691755034824,53.567520396778605,53.574999999999996,53.575738990937765,53.58513260141342,53.585,53.575738990937765,53.574999999999996,-0.0007389909377693016,-1.3792290738508802e-05,SPTL,VGLT,2026-05-15,False,3927.0,3286.0,1866.0,0.0,0.0,0.0,,,0.0,0.0,-0.0,False,True,False,0.0,,,0.0,0.0,0.0,0.0,0.0,0.0,0.0,0.0,0.0,0.0,0.0,0.0,0.0,0.0,-0.0,-0.0,-0.0,-0.0,-0.0,-0.0,0.0,-0.0,-0.0,-0.0,0.0,0.0,0.0
25.44,30.38,53.52,-0.00999999999999801,-0.0400000000000027,-0.05999999999999517,2.1037735849056602,1.761685319289006,1.0,2.1046784389786537,1.7613358721434078,1.0,2.1047540421605615,1.7612606346751485,1.0,53.544942832564686,53.50709808143101,53.52,0.010523770210802808,0.008806303173375742,0.005,53.534419062353884,53.49829177825764,53.515,53.55546660277549,53.51590438460438,53.525000000000006,53.51590438460438,53.534419062353884,0.018514677749500663,0.0003459394198337194,SCHQ,SPTL,2026-05-18,False,3932.0,3290.0,1868.0,0.0,0.0,0.0,,,0.0,0.0,0.0,False,False,False,-0.0,,,0.0,0.0,0.0,0.0,0.0,0.0,0.0,0.0,0.0,0.0,0.0,0.0,0.0,0.0,-0.0,-0.0,-0.0,-0.0,-0.0,-0.0,0.0,-0.0,-0.0,-0.0,0.0,0.0,0.0
25.27,30.2,53.19,-0.1700000000000017,-0.17999999999999972,-0.3300000000000054,2.1048674317372376,1.7612582781456954,1.0,2.104722022229449,1.761357217532953,1.0,2.1046784389786537,1.7613358721434078,1.0,53.18522415299058,53.192343338730915,53.19,0.01052339219489327,0.008806679360717039,0.005,53.17470076079569,53.1835366593702,53.184999999999995,53.19574754518547,53.20115001809163,53.195,53.195,53.184999999999995,-0.010000000000005116,-0.0001880052641474923,VGLT,VGLT,2026-05-19,False,3957.0,3311.0,1880.0,0.0,0.0,0.0,,,0.0,0.0,-0.0,False,True,False,0.0,,,0.0,0.0,0.0,0.0,0.0,0.0,0.0,0.0,0.0,0.0,0.0,0.0,0.0,0.0,-0.0,-0.0,-0.0,-0.0,-0.0,-0.0,0.0,-0.0,-0.0,-0.0,0.0,0.0,0.0
25.52,30.5,53.73,0.25,0.3000000000000007,0.5399999999999991,2.1054075235109715,1.761639344262295,1.0,2.104823004026053,1.7614251519591826,1.0,2.104722022229449,1.761357217532953,1.0,53.712506007295545,53.72139513475507,53.73,0.010523610111147245,0.008806786087664765,0.005,53.701982397184395,53.7125883486674,53.724999999999994,53.723029617406695,53.73020192084274,53.735,53.723029617406695,53.724999999999994,0.0019703825932992913,3.667192617344671e-05,SPTL,VGLT,2026-05-20,False,3917.0,3278.0,1861.0,0.0,0.0,0.0,,,0.0,0.0,0.0,False,True,False,0.0,,,0.0,0.0,0.0,0.0,0.0,0.0,0.0,0.0,0.0,0.0,0.0,0.0,0.0,0.0,-0.0,-0.0,-0.0,-0.0,-0.0,-0.0,0.0,0.0,0.0,0.0,0.0,0.0,0.0
25.61,30.61,53.91,0.08999999999999986,0.10999999999999943,0.17999999999999972,2.1050370948848105,1.7611891538712838,1.0,2.1048388149359707,1.7614270631675903,1.0,2.104823004026053,1.7614251519591826,1.0,53.90451713310721,53.91722390147058,53.91,0.010524115020130264,0.008807125759795913,0.005,53.89399301808708,53.90841677571078,53.904999999999994,53.915041248127345,53.92603102723037,53.915,53.915,53.90841677571078,-0.00658322428921565,-0.00012211508605482565,VGLT,SCHQ,2026-05-21,False,3904.0,3267.0,1855.0,0.0,0.0,0.0,,,0.0,0.0,0.0,False,True,False,0.0,,,0.0,0.0,0.0,0.0,0.0,0.0,0.0,0.0,0.0,0.0,0.0,0.0,0.0,0.0,-0.0,-0.0,-0.0,-0.0,-0.0,-0.0,0.0,0.0,0.0,0.0,0.0,0.0,0.0
25.71,30.72,54.13,0.10000000000000142,0.10999999999999943,0.22000000000000597,2.105406456631661,1.7620442708333335,1.0,2.104897440706252,1.7615111317361989,1.0,2.1048388149359707,1.7614270631675903,1.0,54.11540593200381,54.11103938050837,54.13,0.010524194074679853,0.008807135315837952,0.005,54.104881737929134,54.10223224519253,54.125,54.12593012607849,54.119846515824214,54.135000000000005,54.119846515824214,54.125,0.00515348417578565,9.520569325301403e-05,SCHQ,VGLT,2026-05-22,False,3888.0,3253.0,1847.0,0.0,0.0,0.0,,,0.0,0.0,0.0,False,True,False,0.0,,,0.0,0.0,0.0,0.0,0.0,0.0,0.0,0.0,0.0,0.0,0.0,0.0,0.0,0.0,-0.0,-0.0,-0.0,-0.0,-0.0,-0.0,0.0,0.0,0.0,0.0,0.0,0.0,0.0
25.85,30.9,54.44,0.14000000000000057,0.17999999999999972,0.30999999999999517,2.1059961315280464,1.7618122977346278,1.0,2.1049545375066137,1.761517216628786,1.0,2.104897440706252,1.7615111317361989,1.0,54.41159884225662,54.43069397064854,54.44,0.01052448720353126,0.008807555658680995,0.005,54.40107435505309,54.42188641498986,54.434999999999995,54.422123329460156,54.439501526307225,54.445,54.422123329460156,54.434999999999995,0.012876670539839097,0.00023652958375898416,SPTL,VGLT,2026-05-26,False,3867.0,3236.0,1837.0,0.0,0.0,0.0,,,0.0,0.0,0.0,False,False,False,-0.0,,,0.0,0.0,0.0,0.0,0.0,0.0,0.0,0.0,0.0,0.0,0.0,0.0,0.0,0.0,-0.0,-0.0,-0.0,-0.0,-0.0,-0.0,0.0,0.0,0.0,0.0,0.0,0.0,0.0
25.91,30.98,54.55,0.05999999999999872,0.08000000000000185,0.10999999999999943,2.10536472404477,1.760813428018076,1.0,2.105042093502422,1.7614975231611634,1.0,2.1049545375066137,1.761517216628786,1.0,54.53937206679636,54.57180337115979,54.55,0.010524772687533069,0.00880758608314393,0.005,54.52884729410883,54.562995785076644,54.544999999999995,54.54989683948389,54.58061095724293,54.555,54.54989683948389,54.562995785076644,0.013098945592751932,0.0002401273252566807,SPTL,SCHQ,2026-05-27,False,3858.0,3229.0,1833.0,0.0,0.0,0.0,,,0.0,0.0,-0.0,False,False,False,0.0,,,0.0,0.0,0.0,0.0,0.0,0.0,0.0,0.0,0.0,0.0,0.0,0.0,0.0,0.0,-0.0,-0.0,-0.0,-0.0,-0.0,-0.0,0.0,0.0,0.0,0.0,0.0,0.0,0.0
26.03,31.11,54.81,0.120000000000001,0.129999999999999,0.2600000000000051,2.105647330003842,1.7618129218900676,1.0,2.1050560119178567,1.7615022493001866,1.0,2.105042093502422,1.7614975231611634,1.0,54.79424569386804,54.80018794554379,54.81,0.010525210467512109,0.008807487615805817,0.005,54.78372048340053,54.791380457927986,54.805,54.804770904335555,54.808995433159595,54.815000000000005,54.804770904335555,54.805,0.00022909566444440088,4.179815078350682e-06,SPTL,VGLT,2026-05-28,False,3840.0,3213.0,1824.0,0.0,0.0,0.0,,,0.0,0.0,0.0,False,True,False,0.0,,,0.0,0.0,0.0,0.0,0.0,0.0,0.0,0.0,0.0,0.0,0.0,0.0,0.0,0.0,-0.0,-0.0,-0.0,-0.0,-0.0,-0.0,0.0,0.0,0.0,0.0,0.0,0.0,0.0
26.04,31.12,54.84,0.00999999999999801,0.010000000000001563,0.030000000000001137,2.1059907834101383,1.7622107969151672,1.0,2.1052795579321186,1.761580703383924,1.0,2.1050560119178567,1.7615022493001866,1.0,54.815658550340984,54.817949998221806,54.84,0.010525280059589285,0.008807511246500933,0.005,54.805133270281395,54.809142486975304,54.835,54.82618383040057,54.82675750946831,54.845000000000006,54.82618383040057,54.835,0.008816169599427326,0.000160761663009251,SPTL,VGLT,2026-05-29,False,3838.0,3211.0,1823.0,0.0,0.0,0.0,,,0.0,0.0,0.0,False,False,False,-0.0,,,0.0,0.0,0.0,0.0,0.0,0.0,0.0,0.0,0.0,0.0,0.0,0.0,0.0,0.0,-0.0,-0.0,-0.0,-0.0,-0.0,-0.0,0.0,0.0,0.0,0.0,0.0,0.0,0.0
25.96,30.99,54.62,-0.0799999999999983,-0.13000000000000256,-0.22000000000000597,2.1040061633281972,1.7625040335592126,1.0,2.105149722398534,1.7616969844518766,1.0,2.1052795579321186,1.761580703383924,1.0,54.6530573239178,54.591385997867796,54.62,0.010526397789660594,0.00880790351691962,0.005,54.64253092612814,54.58257809435088,54.614999999999995,54.66358372170746,54.60019390138471,54.625,54.60019390138471,54.64253092612814,0.042337024743424934,0.0007751194570381716,SCHQ,SPTL,2026-06-01,True,3855.0,3225.0,1831.0,0.0,0.0,0.0,,,0.0,0.0,-0.0,False,False,False,0.0,,,0.0,0.0,0.0,0.0,0.0,0.0,0.0,0.0,0.0,0.0,0.0,0.0,0.0,0.0,-0.0,-0.0,-0.0,-0.0,-0.0,-0.0,0.0,-0.0,-0.0,-0.0,0.0,0.0,0.0
26.02,31.06,54.75,0.05999999999999872,0.07000000000000028,0.13000000000000256,2.104150653343582,1.7627173213135867,1.0,2.1051874292423256,1.7618001846543343,1.0,2.105149722398534,1.7616969844518766,1.0,54.77599577680985,54.718308337075285,54.75,0.01052574861199267,0.008808484922259384,0.005,54.76547002819786,54.70949985215302,54.745,54.78652152542184,54.72711682199755,54.755,54.72711682199755,54.76547002819786,0.038353206200312684,0.0007005151817408709,SCHQ,SPTL,2026-06-02,False,3844.0,3217.0,1826.0,0.0,0.0,0.0,,,0.0,0.0,0.0,False,False,True,0.0,,,0.0,0.0,0.0,0.0,0.0,0.0,0.0,0.0,0.0,0.0,0.0,0.0,0.0,0.0,-0.0,-0.0,-0.0,-0.0,-0.0,-0.0,0.0,0.0,0.0,0.0,0.0,0.0,0.0
25.92,30.92,54.53,-0.09999999999999787,-0.13999999999999702,-0.21999999999999886,2.103780864197531,1.7635834411384217,1.0,2.105078772488355,1.7620327009536072,1.0,2.1051874292423256,1.7618001846543343,1.0,54.56645816596108,54.47486170951202,54.53,0.010525937146211629,0.008809000923271672,0.005,54.55593222881487,54.46605270858875,54.525,54.57698410310729,54.48367071043529,54.535000000000004,54.48367071043529,54.55593222881487,0.07226151837957673,0.0013251699684499675,SCHQ,SPTL,2026-06-03,False,3861.0,3231.0,1834.0,0.0,0.0,0.0,,,0.0,0.0,0.0,True,False,False,1.0,SCHQ,SPTL,-3861.0,3231.0,0.0,0.0,0.0,0.0,0.0,0.0,-3861.0,3231.0,0.0,0.0,3231.0,0.0,3861.0,-0.0,-0.0,-19.305,-16.155,-0.0,-35.46,-0.0,-0.0,-0.0,0.0,-35.46,-35.46
25.97,31.0,54.66,0.04999999999999716,0.0799999999999983,0.12999999999999545,2.104736234116288,1.7632258064516129,1.0,2.105011643548887,1.7621913471725388,1.0,2.105078772488355,1.7620327009536072,1.0,54.668895721522574,54.623013729561826,54.66,0.010525393862441775,0.008810163504768036,0.005,54.65837032766013,54.61420356605706,54.654999999999994,54.67942111538502,54.631823893066596,54.665,54.631823893066596,54.65837032766013,0.02654643459353423,0.0004856647382644389,SCHQ,SPTL,2026-06-04,False,3850.0,3223.0,1829.0,-3861.0,3231.0,0.0,SCHQ,SPTL,0.02654643459353423,0.0004856647382644389,1.0,False,False,False,-1.0,SCHQ,SPTL,-3850.0,3223.0,0.0,-100077.12000000001,99902.52,0.0,199979.64,-174.60000000000582,11.0,-8.0,0.0,11.0,0.0,0.0,-0.0,8.0,-0.0,-0.055,-0.04,-0.0,-0.095,-193.04999999998904,258.4799999999945,0.0,65.43000000000546,65.33500000000546,29.875000000005464
25.83,30.82,54.34,-0.14000000000000057,-0.17999999999999972,-0.3199999999999932,2.1037553232675186,1.763140817650876,1.0,2.1048834663871574,1.7623865135504981,1.0,2.105011643548887,1.7621913471725388,1.0,54.37245075286774,54.310737319857644,54.34,0.010525058217744434,0.008810956735862694,0.005,54.36192569465,54.30192636312178,54.335,54.38297581108549,54.31954827659351,54.345000000000006,54.31954827659351,54.36192569465,0.04237741805648909,0.0007798567916173922,SCHQ,SPTL,2026-06-05,False,3873.0,3242.0,1840.0,-3850.0,3223.0,0.0,SCHQ,SPTL,0.0,0.0,-1.0,False,False,False,1.0,SCHQ,SPTL,-3873.0,3242.0,0.0,-99984.5,99913.0,0.0,199897.5,-71.5,-23.0,19.0,0.0,0.0,19.0,0.0,23.0,-0.0,-0.0,-0.115,-0.095,-0.0,-0.21000000000000002,539.0000000000022,-580.1399999999991,-0.0,-41.13999999999692,-41.34999999999692,-11.474999999991454
25.72,30.7,54.12,-0.10999999999999943,-0.120000000000001,-0.22000000000000597,2.104199066874028,1.7628664495114006,1.0,2.104762727411394,1.762468731418305,1.0,2.1048834663871574,1.7623865135504981,1.0,54.13760275547769,54.10526596600029,54.12,0.010524417331935787,0.00881193256775249,0.005,54.12707833814575,54.096454033432536,54.114999999999995,54.14812717280962,54.11407789856804,54.125,54.11407789856804,54.12707833814575,0.013000439577709244,0.00024021506980246202,SCHQ,SPTL,2026-06-08,False,3890.0,3257.0,1848.0,-3873.0,3242.0,0.0,SCHQ,SPTL,0.013000439577709244,0.00024021506980246202,1.0,False,False,False,-1.0,SCHQ,SPTL,-3890.0,3257.0,0.0,-100039.59,99918.44,0.0,199958.03,-121.14999999999418,-17.0,15.0,0.0,0.0,15.0,0.0,17.0,-0.0,-0.0,-0.085,-0.075,-0.0,-0.16,426.0299999999978,-389.0400000000032,-0.0,36.98999999999461,36.82999999999461,25.35500000000316
25.85,30.87,54.39,0.13000000000000256,0.1700000000000017,0.2700000000000031,2.1040618955512573,1.7619047619047619,1.0,2.104569303813715,1.7624779778353183,1.0,2.104762727411394,1.762468731418305,1.0,54.40811650358453,54.407409738883075,54.39,0.01052381363705697,0.008812343657091526,0.005,54.39759268994747,54.398597395225984,54.385,54.41864031722159,54.416222082540166,54.395,54.395,54.398597395225984,0.003597395225980904,6.614074693842442e-05,VGLT,SCHQ,2026-06-09,False,3871.0,3241.0,1839.0,-3890.0,3257.0,0.0,SCHQ,SPTL,0.0,0.0,-1.0,False,True,False,0.0,,,0.0,0.0,0.0,-100050.79999999999,99989.9,0.0,200040.69999999998,-60.89999999999418,3890.0,-3257.0,0.0,3890.0,0.0,0.0,-0.0,3257.0,-0.0,-19.45,-16.285,-0.0,-35.735,-505.70000000000994,553.6900000000055,0.0,47.989999999995575,12.254999999995576,37.609999999998735
25.78,30.78,54.25,-0.07000000000000028,-0.08999999999999986,-0.14000000000000057,2.104344453064391,1.762508122157245,1.0,2.1044672767156776,1.7626474472492355,1.0,2.104569303813715,1.7624779778353183,1.0,54.25579665231758,54.2490721577711,54.25,0.010522846519068577,0.008812389889176592,0.005,54.24527380579851,54.24025976788192,54.245,54.266319498836644,54.25788454766028,54.255,54.255,54.24527380579851,-0.009726194201491012,-0.0001792846857417698,VGLT,SPTL,2026-06-10,False,3879.0,3248.0,1843.0,0.0,0.0,0.0,,,0.0,0.0,0.0,False,True,False,0.0,,,0.0,0.0,0.0,0.0,0.0,0.0,0.0,0.0,0.0,0.0,0.0,0.0,0.0,0.0,-0.0,-0.0,-0.0,-0.0,-0.0,-0.0,0.0,-0.0,-0.0,-0.0,0.0,0.0,37.609999999998735
26.1,31.14,54.92,0.3200000000000003,0.35999999999999943,0.6700000000000017,2.104214559386973,1.7636480411046884,1.0,2.10432399965399,1.7628309591706972,1.0,2.1044672767156776,1.7626474472492355,1.0,54.92659592227919,54.8888415073412,54.92,0.010522336383578388,0.008813237236246177,0.005,54.91607358589561,54.88002827010495,54.915,54.93711825866277,54.897654744577444,54.925000000000004,54.897654744577444,54.91607358589561,0.018418841318165846,0.0003353758433751975,SCHQ,SPTL,2026-06-11,False,3832.0,3210.0,1821.0,0.0,0.0,0.0,,,0.0,0.0,0.0,False,False,False,-0.0,,,0.0,0.0,0.0,0.0,0.0,0.0,0.0,0.0,0.0,0.0,0.0,0.0,0.0,0.0,-0.0,-0.0,-0.0,-0.0,-0.0,-0.0,0.0,0.0,0.0,0.0,0.0,0.0,37.609999999998735
26.02,31.06,54.77,-0.08000000000000185,-0.08000000000000185,-0.14999999999999858,2.104919292851653,1.7633612363168063,1.0,2.104216850598142,1.762946003110861,1.0,2.10432399965399,1.7628309591706972,1.0,54.75451047099683,54.753529591841854,54.77,0.01052161999826995,0.008814154795853487,0.005,54.743988850998555,54.744715437046004,54.765,54.7650320909951,54.762343746637704,54.775000000000006,54.762343746637704,54.765,0.002656253362296468,4.849832686318181e-05,SCHQ,VGLT,2026-06-12,False,3842.0,3219.0,1826.0,0.0,0.0,0.0,,,0.0,0.0,-0.0,False,True,False,0.0,,,0.0,0.0,0.0,0.0,0.0,0.0,0.0,0.0,0.0,0.0,0.0,0.0,0.0,0.0,-0.0,-0.0,-0.0,-0.0,-0.0,-0.0,0.0,-0.0,-0.0,-0.0,0.0,0.0,37.609999999998735
26.03,31.07,54.78,0.010000000000001563,0.010000000000001563,0.00999999999999801,2.104494813676527,1.7631155455423237,1.0,2.104265715632975,1.7630071543091723,1.0,2.104216850598142,1.762946003110861,1.0,54.77276462106963,54.77473231665445,54.78,0.01052108425299071,0.008814730015554306,0.005,54.76224353681664,54.7659175866389,54.775,54.783285705322626,54.78354704667,54.785000000000004,54.783285705322626,54.775,-0.008285705322627734,-0.0001512542045021492,SPTL,VGLT,2026-06-15,False,3840.0,3217.0,1825.0,0.0,0.0,0.0,,,0.0,0.0,0.0,False,True,False,0.0,,,0.0,0.0,0.0,0.0,0.0,0.0,0.0,0.0,0.0,0.0,0.0,0.0,0.0,0.0,-0.0,-0.0,-0.0,-0.0,-0.0,-0.0,0.0,0.0,0.0,0.0,0.0,0.0,37.609999999998735
26.18,31.24,55.05,0.14999999999999858,0.16999999999999815,0.269999999999996,2.102750190985485,1.7621638924455827,1.0,2.1041256693971655,1.7629518114223717,1.0,2.104265715632975,1.7630071543091723,1.0,55.089676435271286,55.07634350061854,55.05,0.010521328578164875,0.008815035771545863,0.005,55.07915510669312,55.067528464846994,55.044999999999995,55.10019776384945,55.08515853639009,55.055,55.055,55.07915510669312,0.024155106693122264,0.0004387848627270166,VGLT,SPTL,2026-06-16,False,3823.0,3203.0,1817.0,0.0,0.0,0.0,,,0.0,0.0,0.0,False,False,False,-0.0,,,0.0,0.0,0.0,0.0,0.0,0.0,0.0,0.0,0.0,0.0,0.0,0.0,0.0,0.0,-0.0,-0.0,-0.0,-0.0,-0.0,-0.0,0.0,0.0,0.0,0.0,0.0,0.0,37.609999999998735
26.17,31.22,55.04,-0.00999999999999801,-0.019999999999999574,-0.00999999999999801,2.103171570500573,1.7629724535554132,1.0,2.1040647400274692,1.7628907126640712,1.0,2.1041256693971655,1.7629518114223717,1.0,55.064968768123826,55.039355552606445,55.04,0.010520628346985828,0.008814759057111859,0.005,55.05444813977684,55.030540793549335,55.035,55.075489396470815,55.048170311663554,55.045,55.045,55.05444813977684,0.009448139776836229,0.00017165951629426288,VGLT,SPTL,2026-06-17,False,3823.0,3203.0,1817.0,0.0,0.0,0.0,,,0.0,0.0,-0.0,False,False,False,0.0,,,0.0,0.0,0.0,0.0,0.0,0.0,0.0,0.0,0.0,0.0,0.0,0.0,0.0,0.0,-0.0,-0.0,-0.0,-0.0,-0.0,-0.0,0.0,-0.0,-0.0,-0.0,0.0,0.0,37.609999999998735
26.3,31.38,55.31,0.129999999999999,0.16000000000000014,0.2700000000000031,2.103041825095057,1.762587635436584,1.0,2.1038952991253463,1.762826895562568,1.0,2.1040647400274692,1.7628907126640712,1.0,55.336902662722444,55.31951056339855,55.31,0.010520323700137347,0.008814453563320356,0.005,55.32638233902231,55.310696109835234,55.305,55.34742298642258,55.32832501696187,55.315000000000005,55.315000000000005,55.32638233902231,0.011382339022304677,0.0002057917017231003,VGLT,SPTL,2026-06-18,False,3804.0,3187.0,1808.0,0.0,0.0,0.0,,,0.0,0.0,0.0,False,False,False,-0.0,,,0.0,0.0,0.0,0.0,0.0,0.0,0.0,0.0,0.0,0.0,0.0,0.0,0.0,0.0,-0.0,-0.0,-0.0,-0.0,-0.0,-0.0,0.0,0.0,0.0,0.0,0.0,0.0,37.609999999998735
26.12,31.17,54.94,-0.17999999999999972,-0.2099999999999973,-0.37000000000000455,2.103369065849923,1.7625922361244786,1.0,2.1038566733835866,1.7627720374099283,1.0,2.1038952991253463,1.762826895562568,1.0,54.95374521315405,54.94731433468525,54.94,0.010519476495626732,0.008814134477812841,0.005,54.94322573665843,54.93850020020744,54.934999999999995,54.964264689649674,54.95612846916306,54.945,54.945,54.94322573665843,-0.0017742633415736009,-3.229456391651986e-05,VGLT,SPTL,2026-06-22,False,3829.0,3208.0,1820.0,0.0,0.0,0.0,,,0.0,0.0,-0.0,False,True,False,0.0,,,0.0,0.0,0.0,0.0,0.0,0.0,0.0,0.0,0.0,0.0,0.0,0.0,0.0,0.0,-0.0,-0.0,-0.0,-0.0,-0.0,-0.0,0.0,-0.0,-0.0,-0.0,0.0,0.0,37.609999999998735
26.14,31.23,55.02,0.019999999999999574,0.05999999999999872,0.0800000000000054,2.1048201989288446,1.7617675312199808,1.0,2.1039187865890687,1.7626621455807865,1.0,2.1038566733835866,1.7627720374099283,1.0,54.99481344224696,55.05137072831206,55.02,0.010519283366917933,0.008813860187049641,0.005,54.98429415888004,55.04255686812501,55.015,55.005332725613876,55.060184588499105,55.025000000000006,55.005332725613876,55.04255686812501,0.03722414251113548,0.0006765565705404486,SPTL,SCHQ,2026-06-23,False,3825.0,3205.0,1818.0,0.0,0.0,0.0,,,0.0,0.0,0.0,False,False,False,-0.0,,,0.0,0.0,0.0,0.0,0.0,0.0,0.0,0.0,0.0,0.0,0.0,0.0,0.0,0.0,-0.0,-0.0,-0.0,-0.0,-0.0,-0.0,0.0,0.0,0.0,0.0,0.0,0.0,37.609999999998735
26.47,31.6,55.71,0.3299999999999983,0.370000000000001,0.6899999999999977,2.1046467699282205,1.7629746835443036,1.0,2.103977274026765,1.7627691377447405,1.0,2.1039187865890687,1.7626621455807865,1.0,55.69073028101265,55.700123800352856,55.71,0.010519593932945343,0.008813310727903933,0.005,55.6802106870797,55.691310489624954,55.705,55.701249874945596,55.70893711108076,55.715,55.701249874945596,55.705,0.003750125054402531,6.731511495965771e-05,SPTL,VGLT,2026-06-24,False,3777.0,3164.0,1795.0,0.0,0.0,0.0,,,0.0,0.0,-0.0,False,True,False,0.0,,,0.0,0.0,0.0,0.0,0.0,0.0,0.0,0.0,0.0,0.0,0.0,0.0,0.0,0.0,-0.0,-0.0,-0.0,-0.0,-0.0,-0.0,0.0,0.0,0.0,0.0,0.0,0.0,37.609999999998735
26.46,31.58,55.68,-0.00999999999999801,-0.020000000000003126,-0.030000000000001137,2.1043083900226756,1.7631412286257127,1.0,2.103973667722593,1.7628324483915876,1.0,2.103977274026765,1.7627691377447405,1.0,55.671238670748195,55.6682493699789,55.68,0.010519886370133824,0.008813845688723702,0.005,55.66071878437806,55.65943552429018,55.675,55.68175855711833,55.67706321566762,55.685,55.67706321566762,55.675,-0.002063215667625684,-3.705487908810496e-05,SCHQ,VGLT,2026-06-25,False,3779.0,3166.0,1796.0,0.0,0.0,0.0,,,0.0,0.0,0.0,False,True,False,0.0,,,0.0,0.0,0.0,0.0,0.0,0.0,0.0,0.0,0.0,0.0,0.0,0.0,0.0,0.0,-0.0,-0.0,-0.0,-0.0,-0.0,-0.0,0.0,-0.0,-0.0,-0.0,0.0,0.0,37.609999999998735
26.49,31.61,55.72,0.029999999999997584,0.030000000000001137,0.03999999999999915,2.1034352585881466,1.7627333122429611,1.0,2.1038957376427105,1.7627409755054149,1.0,2.103973667722593,1.7628324483915876,1.0,55.73426245797149,55.723133693658085,55.72,0.010519868338612966,0.008814162241957938,0.005,55.72374258963288,55.71431953141612,55.714999999999996,55.7447823263101,55.731947855900046,55.725,55.725,55.72374258963288,-0.0012574103671241232,-2.2566589503304438e-05,VGLT,SPTL,2026-06-26,False,3777.0,3164.0,1795.0,0.0,0.0,0.0,,,0.0,0.0,0.0,False,True,False,0.0,,,0.0,0.0,0.0,0.0,0.0,0.0,0.0,0.0,0.0,0.0,0.0,0.0,0.0,0.0,-0.0,-0.0,-0.0,-0.0,-0.0,-0.0,0.0,0.0,0.0,0.0,0.0,0.0,37.609999999998735
26.52,31.64,55.78,0.030000000000001137,0.030000000000001137,0.060000000000002274,2.103318250377074,1.7629582806573958,1.0,2.1037356333952526,1.7627006799394735,1.0,2.1038957376427105,1.7627409755054149,1.0,55.795314962284685,55.77312446499133,55.78,0.010519478688213553,0.008813704877527074,0.005,55.78479548359647,55.7643107601138,55.775,55.8058344409729,55.78193816986885,55.785000000000004,55.78193816986885,55.78479548359647,0.0028573137276168836,5.1224699311883896e-05,SCHQ,SPTL,2026-06-29,False,3772.0,3161.0,1793.0,0.0,0.0,0.0,,,0.0,0.0,0.0,False,True,False,0.0,,,0.0,0.0,0.0,0.0,0.0,0.0,0.0,0.0,0.0,0.0,0.0,0.0,0.0,0.0,-0.0,-0.0,-0.0,-0.0,-0.0,-0.0,0.0,0.0,0.0,0.0,0.0,0.0,37.609999999998735
26.23,31.3,55.18,-0.28999999999999915,-0.33999999999999986,-0.6000000000000014,2.1036980556614564,1.7629392971246005,1.0,2.1036559575937455,1.762683055097701,1.0,2.1037356333952526,1.7627006799394735,1.0,55.18098566395748,55.172531282105524,55.18,0.010518678166976263,0.008813503399697368,0.005,55.170466985790505,55.16371777870582,55.175,55.19150434212445,55.181344785505225,55.185,55.181344785505225,55.175,-0.006344785505227435,-0.00011498342706102636,SCHQ,VGLT,2026-06-30,False,3812.0,3194.0,1812.0,0.0,0.0,0.0,,,0.0,0.0,0.0,False,True,False,0.0,,,0.0,0.0,0.0,0.0,0.0,0.0,0.0,0.0,0.0,0.0,0.0,0.0,0.0,0.0,-0.0,-0.0,-0.0,-0.0,-0.0,-0.0,0.0,-0.0,-0.0,-0.0,0.0,0.0,37.609999999998735
25.99,31.02,54.66,-0.240000000000002,-0.28000000000000114,-0.5200000000000031,2.1031165833012695,1.7620889748549322,1.0,2.1036925968253244,1.7626755633386364,1.0,2.1036559575937455,1.762683055097701,1.0,54.67401833786144,54.678428369130685,54.66,0.010518279787968727,0.008813415275488505,0.005,54.663500058073474,54.669614953855195,54.654999999999994,54.68453661764941,54.687241784406176,54.665,54.665,54.669614953855195,0.004614953855195836,8.443018395894321e-05,VGLT,SCHQ,2026-07-01,True,3848.0,3224.0,1829.0,0.0,0.0,0.0,,,0.0,0.0,0.0,False,True,False,0.0,,,0.0,0.0,0.0,0.0,0.0,0.0,0.0,0.0,0.0,0.0,0.0,0.0,0.0,0.0,-0.0,-0.0,-0.0,-0.0,-0.0,-0.0,0.0,-0.0,-0.0,-0.0,0.0,0.0,37.609999999998735
25.99,31.03,54.69,0.0,0.010000000000001563,0.030000000000001137,2.104270873412851,1.762487914921044,1.0,2.103802527116552,1.7626271094751993,1.0,2.1036925968253244,1.7626755633386364,1.0,54.67497059149018,54.695822730397886,54.69,0.010518462984126621,0.008813377816693183,0.005,54.664452128506056,54.68700935258119,54.684999999999995,54.6854890544743,54.70463610821458,54.695,54.6854890544743,54.68700935258119,0.0015202981068895838,2.7798466024676975e-05,SPTL,SCHQ,2026-07-02,False,3846.0,3222.0,1828.0,0.0,0.0,0.0,,,0.0,0.0,0.0,False,True,True,0.0,,,0.0,0.0,0.0,0.0,0.0,0.0,0.0,0.0,0.0,0.0,0.0,0.0,0.0,0.0,-0.0,-0.0,-0.0,-0.0,-0.0,-0.0,0.0,0.0,0.0,0.0,0.0,0.0,37.609999999998735
25.98,31.01,54.63,-0.00999999999999801,-0.019999999999999574,-0.05999999999999517,2.1027713625866054,1.761689777491132,1.0,2.1037754808657065,1.7625373236806543,1.0,2.103802527116552,1.7626271094751993,1.0,54.65678965448802,54.659066664825936,54.63,0.010519012635582761,0.008813135547375997,0.005,54.64627064185244,54.65025352927856,54.625,54.667308667123606,54.66787980037331,54.635000000000005,54.635000000000005,54.65025352927856,0.015253529278552946,0.00027921525313111744,VGLT,SCHQ,2026-07-06,False,3850.0,3226.0,1830.0,0.0,0.0,0.0,,,0.0,0.0,0.0,False,False,False,-0.0,,,0.0,0.0,0.0,0.0,0.0,0.0,0.0,0.0,0.0,0.0,0.0,0.0,0.0,0.0,-0.0,-0.0,-0.0,-0.0,-0.0,-0.0,0.0,-0.0,-0.0,-0.0,0.0,0.0,37.609999999998735
25.72,30.7,54.1,-0.26000000000000156,-0.3100000000000023,-0.5300000000000011,2.1034214618973563,1.7622149837133552,1.0,2.10378072047045,1.762499598439542,1.0,2.1037754808657065,1.7625373236806543,1.0,54.10910536786597,54.10989583699609,54.1,0.010518877404328534,0.008812686618403271,0.005,54.09858649046164,54.10108315037768,54.095,54.1196242452703,54.118708523614494,54.105000000000004,54.105000000000004,54.10108315037768,-0.003916849622321195,-7.24001778617596e-05,VGLT,SCHQ,2026-07-07,False,3888.0,3257.0,1848.0,0.0,0.0,0.0,,,0.0,0.0,-0.0,False,True,False,0.0,,,0.0,0.0,0.0,0.0,0.0,0.0,0.0,0.0,0.0,0.0,0.0,0.0,0.0,0.0,-0.0,-0.0,-0.0,-0.0,-0.0,-0.0,0.0,-0.0,-0.0,-0.0,0.0,0.0,37.609999999998735
25.66,30.63,53.96,-0.05999999999999872,-0.07000000000000028,-0.14000000000000057,2.102883865939205,1.761671563826314,1.0,2.103587087171486,1.7624900017001752,1.0,2.10378072047045,1.762499598439542,1.0,53.983013287271746,53.98536270020317,53.96,0.01051890360235225,0.00881249799219771,0.005,53.97249438366939,53.97655020221097,53.955,53.9935321908741,53.994175198195364,53.965,53.965,53.97655020221097,0.011550202210969474,0.00021405118997348913,VGLT,SCHQ,2026-07-08,False,3898.0,3266.0,1853.0,0.0,0.0,0.0,,,0.0,0.0,0.0,False,False,False,-0.0,,,0.0,0.0,0.0,0.0,0.0,0.0,0.0,0.0,0.0,0.0,0.0,0.0,0.0,0.0,-0.0,-0.0,-0.0,-0.0,-0.0,-0.0,0.0,-0.0,-0.0,-0.0,0.0,0.0,37.609999999998735
25.71,30.67,54.05,0.05000000000000071,0.0400000000000027,0.0899999999999963,2.102294826915597,1.7623084447342678,1.0,2.1033518928702235,1.7624233778191716,1.0,2.103587087171486,1.7624900017001752,1.0,54.08322401117891,54.05556835214438,54.05,0.01051793543585743,0.008812450008500877,0.005,54.072706075743056,54.04675590213588,54.044999999999995,54.09374194661477,54.064380802152876,54.055,54.055,54.072706075743056,0.017706075743056715,0.00032758697026931947,VGLT,SPTL,2026-07-09,False,3892.0,3261.0,1850.0,0.0,0.0,0.0,,,0.0,0.0,-0.0,False,False,False,0.0,,,0.0,0.0,0.0,0.0,0.0,0.0,0.0,0.0,0.0,0.0,0.0,0.0,0.0,0.0,-0.0,-0.0,-0.0,-0.0,-0.0,-0.0,0.0,0.0,0.0,0.0,0.0,0.0,37.609999999998735
25.69,30.67,54.05,-0.019999999999999574,0.0,0.0,2.1039314908524718,1.7623084447342678,1.0,2.1033142029532033,1.762340099430027,1.0,2.1033518928702235,1.7624233778191716,1.0,54.03511012783604,54.05352499771399,54.05,0.010516759464351117,0.008812116889095858,0.005,54.02459336837169,54.044712880824896,54.044999999999995,54.04562688730039,54.06233711460309,54.055,54.04562688730039,54.044999999999995,-0.0006268873003989484,-1.1598284928750202e-05,SPTL,VGLT,2026-07-10,False,3891.0,3260.0,1850.0,0.0,0.0,0.0,,,0.0,0.0,0.0,False,True,False,0.0,,,0.0,0.0,0.0,0.0,0.0,0.0,0.0,0.0,0.0,0.0,0.0,0.0,0.0,0.0,-0.0,-0.0,-0.0,-0.0,-0.0,-0.0,0.0,-0.0,0.0,0.0,0.0,0.0,37.609999999998735
25.56,30.49,53.74,-0.13000000000000256,-0.18000000000000327,-0.30999999999999517,2.1025039123630673,1.7625450967530338,1.0,2.1032210683306953,1.7623212778810344,1.0,2.1033142029532033,1.762340099430027,1.0,53.76071102748387,53.73374963162152,53.74,0.010516571014766017,0.008811700497150134,0.005,53.7501944564691,53.72493793112437,53.735,53.77122759849864,53.74256133211867,53.745000000000005,53.74256133211867,53.7501944564691,0.007633124350434173,0.00014203804150417142,SCHQ,SPTL,2026-07-13,False,3914.0,3280.0,1861.0,0.0,0.0,0.0,,,0.0,0.0,0.0,False,False,False,-0.0,,,0.0,0.0,0.0,0.0,0.0,0.0,0.0,0.0,0.0,0.0,0.0,0.0,0.0,0.0,-0.0,-0.0,-0.0,-0.0,-0.0,-0.0,0.0,-0.0,-0.0,-0.0,0.0,0.0,37.609999999998735
25.61,30.54,53.84,0.05000000000000071,0.05000000000000071,0.10000000000000142,2.1023037875829758,1.7629338572364115,1.0,2.1031196220512856,1.7623188355389359,1.0,2.1032210683306953,1.7623212778810344,1.0,53.863491559949104,53.82129182648679,53.84,0.010516105341653478,0.008811606389405173,0.005,53.85297545460745,53.812480220097385,53.835,53.874007665290755,53.8301034328762,53.845000000000006,53.8301034328762,53.85297545460745,0.0228720217312528,0.00042481466811390787,SCHQ,SPTL,2026-07-14,False,3906.0,3273.0,1857.0,0.0,0.0,0.0,,,0.0,0.0,-0.0,False,False,False,0.0,,,0.0,0.0,0.0,0.0,0.0,0.0,0.0,0.0,0.0,0.0,0.0,0.0,0.0,0.0,-0.0,-0.0,-0.0,-0.0,-0.0,-0.0,0.0,0.0,0.0,0.0,0.0,0.0,37.609999999998735
25.66,30.62,53.97,0.05000000000000071,0.08000000000000185,0.12999999999999545,2.103273577552611,1.7625734813847158,1.0,2.1030771742404015,1.7622822539649472,1.0,2.1031196220512856,1.7623188355389359,1.0,53.96604950183599,53.962202744202216,53.97,0.010515598110256428,0.00881159417769468,0.005,53.95553390372573,53.95339115002452,53.964999999999996,53.97656509994625,53.97101433837991,53.975,53.97101433837991,53.964999999999996,-0.006014338379912942,-0.00011143854696892611,SCHQ,VGLT,2026-07-15,False,3897.0,3266.0,1853.0,0.0,0.0,0.0,,,0.0,0.0,0.0,False,True,False,0.0,,,0.0,0.0,0.0,0.0,0.0,0.0,0.0,0.0,0.0,0.0,0.0,0.0,0.0,0.0,-0.0,-0.0,-0.0,-0.0,-0.0,-0.0,0.0,0.0,0.0,0.0,0.0,0.0,37.609999999998735
25.65,30.6,53.95,-0.010000000000001563,-0.019999999999999574,-0.01999999999999602,2.1033138401559457,1.7630718954248366,1.0,2.103096899925869,1.762380546021938,1.0,2.1030771742404015,1.7622822539649472,1.0,53.9439295192663,53.925836971327385,53.95,0.010515385871202008,0.008811411269824735,0.005,53.9334141333951,53.91702556005756,53.945,53.9544449051375,53.93464838259721,53.955000000000005,53.93464838259721,53.945,0.010351617402790225,0.00019187427994050464,SCHQ,VGLT,2026-07-16,False,3899.0,3267.0,1854.0,0.0,0.0,0.0,,,0.0,0.0,0.0,False,False,False,-0.0,,,0.0,0.0,0.0,0.0,0.0,0.0,0.0,0.0,0.0,0.0,0.0,0.0,0.0,0.0,-0.0,-0.0,-0.0,-0.0,-0.0,-0.0,0.0,-0.0,-0.0,-0.0,0.0,0.0,37.609999999998735
25.73,30.7,54.1,0.08000000000000185,0.09999999999999787,0.14999999999999858,2.1026039642440733,1.7622149837133552,1.0,2.1029302090089907,1.762353252901169,1.0,2.103096899925869,1.762380546021938,1.0,54.112683235092604,54.105082762873494,54.1,0.010515484499629343,0.00881190273010969,0.005,54.102167750592976,54.096270860143385,54.095,54.12319871959223,54.1138946656036,54.105000000000004,54.105000000000004,54.102167750592976,-0.002832249407028087,-5.2352114732496984e-05,VGLT,SPTL,2026-07-17,False,3887.0,3257.0,1848.0,0.0,0.0,0.0,,,0.0,0.0,-0.0,False,True,False,0.0,,,0.0,0.0,0.0,0.0,0.0,0.0,0.0,0.0,0.0,0.0,0.0,0.0,0.0,0.0,-0.0,-0.0,-0.0,-0.0,-0.0,-0.0,0.0,0.0,0.0,0.0,0.0,0.0,37.609999999998735
25.56,30.5,53.75,-0.1700000000000017,-0.1999999999999993,-0.3500000000000014,2.1028951486697967,1.7622950819672132,1.0,2.10294258761731,1.7624137833487772,1.0,2.1029302090089907,1.762353252901169,1.0,53.7508961422698,53.75177421348565,53.75,0.010514651045044954,0.008811766264505845,0.005,53.74038149122476,53.742962447221146,53.745,53.761410793314845,53.76058597975016,53.755,53.755,53.745,-0.010000000000005116,-0.00018604651162800216,VGLT,VGLT,2026-07-20,False,3911.0,3278.0,1860.0,0.0,0.0,0.0,,,0.0,0.0,0.0,False,True,False,0.0,,,0.0,0.0,0.0,0.0,0.0,0.0,0.0,0.0,0.0,0.0,0.0,0.0,0.0,0.0,-0.0,-0.0,-0.0,-0.0,-0.0,-0.0,0.0,-0.0,-0.0,-0.0,0.0,0.0,37.609999999998735
25.48,30.4,53.59,-0.0799999999999983,-0.10000000000000142,-0.1599999999999966,2.1032182103610677,1.7628289473684213,1.0,2.1029222624636814,1.7624751797142835,1.0,2.10294258761731,1.7624137833487772,1.0,53.58297713248906,53.577379013802826,53.59,0.01051471293808655,0.008812068916743887,0.005,53.57246241955097,53.56856694488608,53.585,53.59349184542715,53.58619108271957,53.595000000000006,53.58619108271957,53.585,-0.001191082719572023,-2.2225839141108845e-05,SCHQ,VGLT,2026-07-21,False,3924.0,3289.0,1866.0,0.0,0.0,0.0,,,0.0,0.0,0.0,False,True,False,0.0,,,0.0,0.0,0.0,0.0,0.0,0.0,0.0,0.0,0.0,0.0,0.0,0.0,0.0,0.0,-0.0,-0.0,-0.0,-0.0,-0.0,-0.0,0.0,-0.0,-0.0,-0.0,0.0,0.0,37.609999999998735
25.4,30.32,53.42,-0.08000000000000185,-0.0799999999999983,-0.1700000000000017,2.1031496062992128,1.761873350923483,1.0,2.102948836499682,1.7624953584240006,1.0,2.1029222624636814,1.7624751797142835,1.0,53.414225466577506,53.43824744893708,53.42,0.010514611312318407,0.008812375898571418,0.005,53.40371085526519,53.429435073038505,53.415,53.42474007788982,53.44705982483565,53.425000000000004,53.42474007788982,53.429435073038505,0.004694995148682324,8.788834048450624e-05,SPTL,SCHQ,2026-07-22,False,3937.0,3299.0,1872.0,0.0,0.0,0.0,,,0.0,0.0,0.0,False,True,False,0.0,,,0.0,0.0,0.0,0.0,0.0,0.0,0.0,0.0,0.0,0.0,0.0,0.0,0.0,0.0,-0.0,-0.0,-0.0,-0.0,-0.0,-0.0,0.0,-0.0,-0.0,-0.0,0.0,0.0,37.609999999998735
25.31,30.21,53.25,-0.08999999999999986,-0.10999999999999943,-0.1700000000000017,2.103911497431845,1.7626613704071499,1.0,2.1031105035513065,1.7625306509912888,1.0,2.102948836499682,1.7624953584240006,1.0,53.22563505180695,53.24498477798906,53.25,0.01051474418249841,0.008812476792120003,0.005,53.215120307624446,53.23617230119694,53.245,53.23614979598945,53.25379725478118,53.255,53.23614979598945,53.245,0.00885020401054959,0.0001662010142826214,SPTL,VGLT,2026-07-23,False,3949.0,3310.0,1878.0,0.0,0.0,0.0,,,0.0,0.0,0.0,False,False,False,-0.0,,,0.0,0.0,0.0,0.0,0.0,0.0,0.0,0.0,0.0,0.0,0.0,0.0,0.0,0.0,-0.0,-0.0,-0.0,-0.0,-0.0,-0.0,0.0,-0.0,-0.0,-0.0,0.0,0.0,37.609999999998735
25.36,30.27,53.34,0.05000000000000071,0.05999999999999872,0.09000000000000341,2.1033123028391167,1.7621407333994055,1.0,2.1030485847499714,1.7625138798578024,1.0,2.1031105035513065,1.7625306509912888,1.0,53.33488237006113,53.35180280550631,53.34,0.010515552517756533,0.008812653254956445,0.005,53.32436681754337,53.34299015225135,53.335,53.34539792257889,53.360615458761266,53.345000000000006,53.345000000000006,53.34299015225135,-0.00200984774865276,-3.767993529532733e-05,VGLT,SCHQ,2026-07-24,False,3943.0,3305.0,1875.0,0.0,0.0,0.0,,,0.0,0.0,-0.0,False,True,False,0.0,,,0.0,0.0,0.0,0.0,0.0,0.0,0.0,0.0,0.0,0.0,0.0,0.0,0.0,0.0,-0.0,-0.0,-0.0,-0.0,-0.0,-0.0,0.0,0.0,0.0,0.0,0.0,0.0,37.609999999998735
25.49,30.43,53.62,0.129999999999999,0.16000000000000014,0.27999999999999403,2.1035700274617497,1.7620768977982253,1.0,2.1031551962598396,1.7624670599623218,1.0,2.1030485847499714,1.7625138798578024,1.0,53.606708425276764,53.633297364072924,53.62,0.010515242923749857,0.008812569399289013,0.005,53.59619318235301,53.624484794673634,53.614999999999995,53.617223668200516,53.64210993347221,53.625,53.617223668200516,53.624484794673634,0.00726112647311794,0.00013541824828642188,SPTL,SCHQ,2026-07-27,False,3922.0,3287.0,1865.0,0.0,0.0,0.0,,,0.0,0.0,0.0,False,False,False,-0.0,,,0.0,0.0,0.0,0.0,0.0,0.0,0.0,0.0,0.0,0.0,0.0,0.0,0.0,0.0,-0.0,-0.0,-0.0,-0.0,-0.0,-0.0,0.0,0.0,0.0,0.0,0.0,0.0,37.609999999998735
25.63,30.59,53.91,0.14000000000000057,0.16000000000000014,0.28999999999999915,2.1033944596176357,1.762340634194181,1.0,2.1032642634633056,1.7624077376580984,1.0,2.1031551962598396,1.7624670599623218,1.0,53.90386768013969,53.91386736424742,53.91,0.010515775981299198,0.008812335299811609,0.005,53.89335190415839,53.905055028947615,53.904999999999994,53.91438345612099,53.92267969954723,53.915,53.91438345612099,53.905055028947615,-0.009328427173372233,-0.00017303704643613864,SPTL,SCHQ,2026-07-28,False,3901.0,3269.0,1855.0,0.0,0.0,0.0,,,0.0,0.0,-0.0,False,True,False,0.0,,,0.0,0.0,0.0,0.0,0.0,0.0,0.0,0.0,0.0,0.0,0.0,0.0,0.0,0.0,-0.0,-0.0,-0.0,-0.0,-0.0,-0.0,0.0,0.0,0.0,0.0,0.0,0.0,37.609999999998735
25.26,30.16,53.13,-0.36999999999999744,-0.4299999999999997,-0.779999999999994,2.1033254156769594,1.761604774535809,1.0,2.10326944727574,1.762310866973208,1.0,2.1032642634633056,1.7624077376580984,1.0,53.12845529508311,53.15421736776825,53.13,0.010516321317316528,0.008812038688290492,0.005,53.11793897376579,53.145405329079956,53.125,53.138971616400426,53.16302940645654,53.135000000000005,53.135000000000005,53.145405329079956,0.010405329079951287,0.00019584658535575544,VGLT,SCHQ,2026-07-29,False,3958.0,3317.0,1882.0,0.0,0.0,0.0,,,0.0,0.0,0.0,False,False,False,-0.0,,,0.0,0.0,0.0,0.0,0.0,0.0,0.0,0.0,0.0,0.0,0.0,0.0,0.0,0.0,-0.0,-0.0,-0.0,-0.0,-0.0,-0.0,0.0,-0.0,-0.0,-0.0,0.0,0.0,37.609999999998735
25.25,30.13,53.1,-0.010000000000001563,-0.030000000000001137,-0.030000000000001137,2.102970297029703,1.7623630932625292,1.0,2.103235092963116,1.7622399867569771,1.0,2.10326944727574,1.762310866973208,1.0,53.107553543712434,53.09842642190275,53.1,0.0105163472363787,0.00881155433486604,0.005,53.09703719647606,53.08961486756788,53.095,53.11806989094881,53.10723797623762,53.105000000000004,53.105000000000004,53.09703719647606,-0.007962803523945183,-0.00014995863510254583,VGLT,SPTL,2026-07-30,False,3960.0,3318.0,1883.0,0.0,0.0,0.0,,,0.0,0.0,-0.0,False,True,False,0.0,,,0.0,0.0,0.0,0.0,0.0,0.0,0.0,0.0,0.0,0.0,0.0,0.0,0.0,0.0,-0.0,-0.0,-0.0,-0.0,-0.0,-0.0,0.0,-0.0,-0.0,-0.0,0.0,0.0,37.609999999998735
25.08,29.94,52.77,-0.1700000000000017,-0.18999999999999773,-0.3299999999999983,2.1040669856459333,1.7625250501002003,1.0,2.1033813951033022,1.7622709933956617,1.0,2.103235092963116,1.7622399867569771,1.0,52.749136131514945,52.761465203503896,52.77,0.010516175464815581,0.008811199933784887,0.005,52.73861995605013,52.75265400357011,52.765,52.75965230697976,52.770276403437684,52.775000000000006,52.75965230697976,52.765,0.00534769302024074,0.00010133964412053705,SPTL,VGLT,2026-07-31,False,3986.0,3339.0,1895.0,0.0,0.0,0.0,,,0.0,0.0,0.0,False,False,False,-0.0,,,0.0,0.0,0.0,0.0,0.0,0.0,0.0,0.0,0.0,0.0,0.0,0.0,0.0,0.0,-0.0,-0.0,-0.0,-0.0,-0.0,-0.0,0.0,-0.0,-0.0,-0.0,0.0,0.0,37.609999999998735
