BWX_price,IGOV_price,BWX_price_chg,IGOV_price_chg,IGOV/BWX,IGOV/IGOV,IGOV/BWX_moving_avg,IGOV/IGOV_moving_avg,IGOV/BWX_prev_moving_avg,IGOV/IGOV_prev_moving_avg,BWX_scaled_price,IGOV_scaled_price,BWX_scaled_comm,IGOV_scaled_comm,BWX_scaled_price_minus_comm,IGOV_scaled_price_minus_comm,BWX_scaled_price_plus_comm,IGOV_scaled_price_plus_comm,min_price_plus_comm,max_price_minus_comm,tgt_max-min,tgt_pct_diff,tgt_min_price_etf,tgt_max_price_etf,date,ex_div_date,BWX_shs_per_unit,IGOV_shs_per_unit,BWX_current_shs,IGOV_current_shs,current_long_etf,current_short_etf,current_max-min,current_pct_diff,current_position,open_trade,exit_trade,flatten_for_div,tgt_position,tgt_long_etf,tgt_short_etf,BWX_tgt_shs,IGOV_tgt_shs,BWX_tgt_inv_amt,IGOV_tgt_inv_amt,gross_inv_amt,net_inv_amt,BWX_shs_to_trade,IGOV_shs_to_trade,BWX_shs_to_buy,IGOV_shs_to_buy,BWX_shs_to_sell,IGOV_shs_to_sell,BWX_daily_comm,IGOV_daily_comm,daily_comm,BWX_daily_profit,IGOV_daily_profit,daily_gross_profit,daily_net_profit,cumulative_net_profit
21.27,38.19,,,1.7954866008462622,1.0,,,,,,,,,,,,,,,,,,,2025-01-02,False,,,,,,,,,,False,False,False,,,,,,,,,,,,,,,,,,,,,,,
21.29,38.07,0.019999999999999574,-0.11999999999999744,1.7881634570220761,1.0,,,,,,,,,,,,,,,,,,,2025-01-03,False,,,,,,,,,,False,False,False,,,,,,,,,,,,,,,,,,,,,,,
21.31,38.29,0.019999999999999574,0.21999999999999886,1.7968090098545284,1.0,,,,,,,,,,,,,,,,,,,2025-01-06,False,,,,,,,,,,False,False,False,,,,,,,,,,,,,,,,,,,,,,,
21.24,38.05,-0.07000000000000028,-0.240000000000002,1.7914312617702448,1.0,,,,,,,,,,,,,,,,,,,2025-01-07,False,,,,,,,,,,False,False,False,,,,,,,,,,,,,,,,,,,,,,,
21.14,37.94,-0.09999999999999787,-0.10999999999999943,1.7947019867549667,1.0,,,,,,,,,,,,,,,,,,,2025-01-08,False,,,,,,,,,,False,False,False,,,,,,,,,,,,,,,,,,,,,,,
20.94,37.48,-0.1999999999999993,-0.46000000000000085,1.7898758357211078,1.0,,,,,,,,,,,,,,,,,,,2025-01-10,False,,,,,,,,,,False,False,False,,,,,,,,,,,,,,,,,,,,,,,
20.96,37.39,0.019999999999999574,-0.0899999999999963,1.7838740458015268,1.0,,,,,,,,,,,,,,,,,,,2025-01-13,False,,,,,,,,,,False,False,False,,,,,,,,,,,,,,,,,,,,,,,
20.98,37.53,0.019999999999999574,0.14000000000000057,1.7888465204957102,1.0,,,,,,,,,,,,,,,,,,,2025-01-14,False,,,,,,,,,,False,False,False,,,,,,,,,,,,,,,,,,,,,,,
21.16,37.89,0.17999999999999972,0.35999999999999943,1.7906427221172023,1.0,,,,,,,,,,,,,,,,,,,2025-01-15,False,,,,,,,,,,False,False,False,,,,,,,,,,,,,,,,,,,,,,,
21.22,37.97,0.05999999999999872,0.0799999999999983,1.789349670122526,1.0,,,,,,,,,,,,,,,,,,,2025-01-16,False,,,,,,,,,,False,False,False,,,,,,,,,,,,,,,,,,,,,,,
21.17,37.86,-0.04999999999999716,-0.10999999999999943,1.7883797827113839,1.0,,,,,,,,,,,,,,,,,,,2025-01-17,False,,,,,,,,,,False,False,False,,,,,,,,,,,,,,,,,,,,,,,
21.43,38.55,0.259999999999998,0.6899999999999977,1.798880074661689,1.0,,,,,,,,,,,,,,,,,,,2025-01-21,False,,,,,,,,,,False,False,False,,,,,,,,,,,,,,,,,,,,,,,
21.43,38.51,0.0,-0.03999999999999915,1.7970135324311711,1.0,,,,,,,,,,,,,,,,,,,2025-01-22,False,,,,,,,,,,False,False,False,,,,,,,,,,,,,,,,,,,,,,,
21.4,38.46,-0.030000000000001137,-0.04999999999999716,1.7971962616822432,1.0,,,,,,,,,,,,,,,,,,,2025-01-23,False,,,,,,,,,,False,False,False,,,,,,,,,,,,,,,,,,,,,,,
21.5,38.71,0.10000000000000142,0.25,1.80046511627907,1.0,,,,,,,,,,,,,,,,,,,2025-01-24,False,,,,,,,,,,False,False,False,,,,,,,,,,,,,,,,,,,,,,,
21.57,38.65,0.07000000000000028,-0.060000000000002274,1.7918405192396847,1.0,,,,,,,,,,,,,,,,,,,2025-01-27,False,,,,,,,,,,False,False,False,,,,,,,,,,,,,,,,,,,,,,,
21.5,38.58,-0.07000000000000028,-0.07000000000000028,1.7944186046511628,1.0,,,,,,,,,,,,,,,,,,,2025-01-28,False,,,,,,,,,,False,False,False,,,,,,,,,,,,,,,,,,,,,,,
21.45,38.36,-0.05000000000000071,-0.21999999999999886,1.7883449883449885,1.0,,,,,,,,,,,,,,,,,,,2025-01-29,False,,,,,,,,,,False,False,False,,,,,,,,,,,,,,,,,,,,,,,
21.52,38.52,0.07000000000000028,0.1600000000000037,1.7899628252788107,1.0,,,,,,,,,,,,,,,,,,,2025-01-30,False,,,,,,,,,,False,False,False,,,,,,,,,,,,,,,,,,,,,,,
21.41,38.59,-0.10999999999999943,0.07000000000000028,1.8024287716020553,1.0,1.7929055793694204,1.0,,,,,,,,,,,,,,,,,2025-01-31,False,,,,,,,,,,False,False,False,0.0,,,0.0,0.0,,,,,,,,,,,,,,,,,,
21.38,38.49,-0.030000000000001137,-0.10000000000000142,1.8002806361085129,1.0,1.7931452811325332,1.0,1.7929055793694204,1.0,38.33232128691821,38.49,0.008964527896847102,0.005,38.32335675902136,38.485,38.34128581481506,38.495000000000005,38.34128581481506,38.485,0.1437141851849404,0.003733805798517547,BWX,IGOV,2025-02-03,True,4658.0,2598.0,0.0,0.0,,,0.0,0.0,0.0,True,False,False,1.0,BWX,IGOV,4658.0,-2598.0,0.0,0.0,,,4658.0,-2598.0,4658.0,0.0,-0.0,2598.0,-23.29,-12.99,-36.28,-0.0,-0.0,0.0,-36.28,-36.28
21.55,38.8,0.1700000000000017,0.30999999999999517,1.8004640371229697,1.0,1.7937603101375779,1.0,1.7931452811325332,1.0,38.64228080840609,38.8,0.008965726405662667,0.005,38.63331508200043,38.794999999999995,38.651246534811754,38.805,38.651246534811754,38.794999999999995,0.14375346518824017,0.003704986216191757,BWX,IGOV,2025-02-04,False,4621.0,2577.0,4658.0,-2598.0,BWX,IGOV,0.14375346518824017,0.003704986216191757,1.0,True,False,True,0.0,,,0.0,0.0,99588.04,-99997.02,199585.06,-408.9800000000105,-4658.0,2598.0,0.0,2598.0,4658.0,-0.0,-23.29,-12.99,-36.28,791.860000000008,-805.3799999999875,-13.519999999979518,-49.79999999997952,-86.07999999997952
21.68,38.99,0.129999999999999,0.19000000000000483,1.7984317343173433,1.0,1.7938414463607184,1.0,1.7937603101375779,1.0,38.88872352378269,38.99,0.00896880155068789,0.005,38.879754722232,38.985,38.897692325333374,38.995000000000005,38.897692325333374,38.985,0.0873076746666257,0.002239232486961418,BWX,IGOV,2025-02-05,False,4601.0,2565.0,0.0,0.0,,,0.0,0.0,0.0,True,False,False,1.0,BWX,IGOV,4601.0,-2565.0,0.0,0.0,0.0,0.0,4601.0,-2565.0,4601.0,0.0,-0.0,2565.0,-23.005,-12.825000000000001,-35.83,0.0,0.0,0.0,-35.83,-121.90999999997952
21.68,39.08,0.0,0.0899999999999963,1.8025830258302582,1.0,1.7943990345637193,1.0,1.7938414463607184,1.0,38.89048255710038,39.08,0.008969207231803592,0.005,38.88151334986858,39.074999999999996,38.89945176433218,39.085,38.89945176433218,39.074999999999996,0.17554823566781863,0.0044920224070577955,BWX,IGOV,2025-02-06,False,4590.0,2559.0,4601.0,-2565.0,BWX,IGOV,0.17554823566781863,0.0044920224070577955,1.0,True,False,False,1.0,BWX,IGOV,4590.0,-2559.0,99749.68,-100009.35,199759.03,-259.6700000000128,-11.0,6.0,0.0,6.0,11.0,-0.0,-0.055,-0.03,-0.08499999999999999,0.0,-230.84999999999053,-230.84999999999053,-230.93499999999054,-352.84499999997007
21.59,38.76,-0.08999999999999986,-0.3200000000000003,1.795275590551181,1.0,1.79442771475353,1.0,1.7943990345637193,1.0,38.7410751562307,38.76,0.008971995172818596,0.005,38.73210316105788,38.754999999999995,38.75004715140352,38.765,38.75004715140352,38.754999999999995,0.0049528485964742686,0.0001277824715292639,BWX,IGOV,2025-02-07,False,4630.0,2580.0,4590.0,-2559.0,BWX,IGOV,0.0049528485964742686,0.0001277824715292639,1.0,False,True,False,0.0,,,0.0,0.0,99511.2,-100005.72,199516.91999999998,-494.5200000000041,-4590.0,2559.0,0.0,2559.0,4590.0,-0.0,-22.95,-12.795,-35.745,-413.09999999999934,818.8800000000007,405.78000000000134,370.03500000000133,17.19000000003126
21.53,38.75,-0.05999999999999872,-0.00999999999999801,1.799814212726428,1.0,1.7949246336037958,1.0,1.79442771475353,1.0,38.6340286986435,38.75,0.008972138573767649,0.005,38.62505656006973,38.745,38.643000837217265,38.755,38.643000837217265,38.745,0.10199916278273236,0.0026322364589092223,BWX,IGOV,2025-02-10,False,4631.0,2581.0,0.0,0.0,,,0.0,0.0,0.0,True,False,False,1.0,BWX,IGOV,4631.0,-2581.0,0.0,0.0,0.0,0.0,4631.0,-2581.0,4631.0,0.0,-0.0,2581.0,-23.155,-12.905000000000001,-36.06,-0.0,-0.0,0.0,-36.06,-18.86999999996874
21.54,38.77,0.00999999999999801,0.020000000000003126,1.7999071494893224,1.0,1.7957262887881857,1.0,1.7949246336037958,1.0,38.66267660782576,38.77,0.00897462316801898,0.005,38.65370198465774,38.765,38.67165123099378,38.775000000000006,38.67165123099378,38.765,0.09334876900621936,0.0024077577767918326,BWX,IGOV,2025-02-11,False,4629.0,2579.0,4631.0,-2581.0,BWX,IGOV,0.09334876900621936,0.0024077577767918326,1.0,True,False,False,1.0,BWX,IGOV,4629.0,-2579.0,99705.43000000001,-100013.75,199719.18,-308.31999999999243,-2.0,2.0,0.0,2.0,2.0,-0.0,-0.01,-0.01,-0.02,46.30999999999079,-51.62000000000807,-5.310000000017283,-5.330000000017282,-24.199999999986023
21.43,38.67,-0.10999999999999943,-0.10000000000000142,1.8044797013532432,1.0,1.7965079478310624,1.0,1.7957262887881857,1.0,38.48241436873082,38.67,0.008978631443940928,0.005,38.473435737286884,38.665,38.49139300017476,38.675000000000004,38.49139300017476,38.665,0.17360699982523897,0.004489449180895758,BWX,IGOV,2025-02-12,False,4644.0,2586.0,4629.0,-2579.0,BWX,IGOV,0.17360699982523897,0.004489449180895758,1.0,True,False,False,1.0,BWX,IGOV,4644.0,-2586.0,99708.65999999999,-99987.83,199696.49,-279.1700000000128,15.0,-7.0,15.0,0.0,-0.0,7.0,-0.075,-0.035,-0.11,-509.1899999999974,257.9000000000037,-251.2899999999937,-251.39999999999372,-275.59999999997973
21.71,39.12,0.28000000000000114,0.44999999999999574,1.8019345923537538,1.0,1.7970725413428899,1.0,1.7965079478310624,1.0,39.00218754741237,39.12,0.008982539739155313,0.005,38.99320500767321,39.114999999999995,39.01117008715153,39.125,39.01117008715153,39.114999999999995,0.1038299128484681,0.0026541388764945834,BWX,IGOV,2025-02-13,False,4592.0,2556.0,4644.0,-2586.0,BWX,IGOV,0.1038299128484681,0.0026541388764945834,1.0,True,False,False,1.0,BWX,IGOV,4592.0,-2556.0,99520.92,-100000.62000000001,199521.54,-479.70000000001164,-52.0,30.0,0.0,30.0,52.0,-0.0,-0.26,-0.15,-0.41000000000000003,1300.3200000000052,-1163.699999999989,136.62000000001626,136.21000000001627,-139.38999999996346
21.73,39.23,0.019999999999999574,0.10999999999999943,1.8053382420616657,1.0,1.7978719699398469,1.0,1.7970725413428899,1.0,39.050386323381,39.23,0.00898536270671445,0.005,39.04140096067428,39.224999999999994,39.059371686087715,39.235,39.059371686087715,39.224999999999994,0.16562831391227917,0.004221980981704797,BWX,IGOV,2025-02-14,False,4581.0,2549.0,4592.0,-2556.0,BWX,IGOV,0.16562831391227917,0.004221980981704797,1.0,True,False,False,1.0,BWX,IGOV,4581.0,-2549.0,99692.32,-99990.71999999999,199683.03999999998,-298.3999999999796,-11.0,7.0,0.0,7.0,11.0,-0.0,-0.055,-0.035,-0.09,91.83999999999804,-281.15999999999855,-189.3200000000005,-189.4100000000005,-328.799999999964
21.62,38.96,-0.10999999999999943,-0.269999999999996,1.8020351526364478,1.0,1.7985547384361003,1.0,1.7978719699398469,1.0,38.86999199009949,38.96,0.008989359849699235,0.005,38.86100263024979,38.955,38.87898134994919,38.965,38.87898134994919,38.955,0.07601865005080555,0.0019511973832342286,BWX,IGOV,2025-02-18,False,4615.0,2567.0,4581.0,-2549.0,BWX,IGOV,0.07601865005080555,0.0019511973832342286,1.0,True,False,False,1.0,BWX,IGOV,4615.0,-2567.0,99545.13,-99997.26999999999,199542.4,-452.13999999998487,34.0,-18.0,34.0,0.0,-0.0,18.0,-0.17,-0.09,-0.26,-503.9099999999974,688.2299999999899,184.3199999999925,184.0599999999925,-144.73999999997147
21.58,38.76,-0.0400000000000027,-0.20000000000000284,1.7961075069508805,1.0,1.7984161100505596,1.0,1.7985547384361003,1.0,38.81281125545104,38.76,0.008992773692180501,0.005,38.80381848175886,38.754999999999995,38.821804029143216,38.765,38.765,38.80381848175886,0.03881848175885949,0.0010015088173080365,IGOV,BWX,2025-02-19,False,4640.0,2580.0,4615.0,-2567.0,BWX,IGOV,-0.06680402914322059,-0.001723530163653782,1.0,True,False,False,1.0,IGOV,BWX,-4640.0,2580.0,99776.3,-100010.32,199786.62,-234.02000000000407,-9255.0,5147.0,0.0,5147.0,9255.0,-0.0,-46.275,-25.735,-72.00999999999999,-184.60000000001247,513.4000000000073,328.7999999999948,256.7899999999948,112.05000000002332
21.74,39.11,0.16000000000000014,0.3500000000000014,1.798988040478381,1.0,1.7985148354529201,1.0,1.7984161100505596,1.0,39.09756623249916,39.11,0.008992080550252798,0.005,39.08857415194891,39.105,39.10655831304941,39.115,39.10655831304941,39.105,-0.0015583130494150055,-3.984436331922796e-05,BWX,IGOV,2025-02-20,False,4599.0,2557.0,-4640.0,2580.0,IGOV,BWX,-0.026425848051090384,-0.0006756800831268316,1.0,False,True,False,0.0,,,0.0,0.0,-100131.2,100000.79999999999,200132.0,-130.40000000000873,4640.0,-2580.0,4640.0,0.0,-0.0,2580.0,-23.2,-12.9,-36.1,-742.4000000000007,903.0000000000036,160.60000000000298,124.50000000000298,236.5500000000263
21.77,39.16,0.030000000000001137,0.04999999999999716,1.798805695911805,1.0,1.798595307164398,1.0,1.7985148354529201,1.0,39.15366796781007,39.16,0.0089925741772646,0.005,39.14467539363281,39.154999999999994,39.162660541987336,39.165,39.162660541987336,39.154999999999994,-0.007660541987341674,-0.00019562160335397533,BWX,IGOV,2025-02-21,False,4593.0,2554.0,0.0,0.0,,,0.0,0.0,0.0,False,True,False,0.0,,,0.0,0.0,0.0,0.0,0.0,0.0,0.0,0.0,0.0,0.0,-0.0,-0.0,-0.0,-0.0,0.0,0.0,0.0,0.0,0.0,236.5500000000263
21.76,38.97,-0.00999999999999801,-0.18999999999999773,1.7909007352941175,1.0,1.7981170881151507,1.0,1.798595307164398,1.0,39.1374338838973,38.97,0.00899297653582199,0.005,39.12844090736148,38.964999999999996,39.146426860433124,38.975,38.975,39.12844090736148,0.1534409073614782,0.003937411017743859,IGOV,BWX,2025-02-24,False,4615.0,2566.0,0.0,0.0,,,0.0,0.0,0.0,True,False,False,1.0,IGOV,BWX,-4615.0,2566.0,0.0,0.0,0.0,0.0,-4615.0,2566.0,0.0,2566.0,4615.0,-0.0,-23.075,-12.83,-35.905,-0.0,-0.0,0.0,-35.905,200.6450000000263
21.88,39.26,0.11999999999999744,0.28999999999999915,1.7943327239488116,1.0,1.798241698350607,1.0,1.7981170881151507,1.0,39.342801887959496,39.26,0.008990585440575754,0.005,39.33381130251892,39.254999999999995,39.351792473400074,39.265,39.265,39.33381130251892,0.06881130251891676,0.001752707654582699,IGOV,BWX,2025-02-25,False,4580.0,2547.0,-4615.0,2566.0,IGOV,BWX,0.06881130251891676,0.001752707654582699,1.0,True,False,False,1.0,IGOV,BWX,-4580.0,2547.0,-100422.40000000001,99997.02,200419.42,-425.38000000000466,35.0,-19.0,35.0,0.0,-0.0,19.0,-0.17500000000000002,-0.095,-0.27,-553.7999999999882,744.1399999999978,190.34000000000958,190.07000000000957,390.71500000003584
21.86,39.34,-0.019999999999999574,0.0800000000000054,1.7996340347666975,1.0,1.7985024698563836,1.0,1.798241698350607,1.0,39.30956352594427,39.34,0.008991208491753036,0.005,39.30057231745252,39.335,39.31855473443602,39.345000000000006,39.31855473443602,39.335,0.016445265563980627,0.00041802911957246124,BWX,IGOV,2025-02-26,False,4571.0,2542.0,-4580.0,2547.0,IGOV,BWX,-0.04442768254748586,-0.0011293259417256192,1.0,False,False,False,-1.0,,,0.0,0.0,-100210.4,99995.22,200205.62,-215.17999999999302,4580.0,-2547.0,4580.0,0.0,-0.0,2547.0,-22.900000000000002,-12.735,-35.635000000000005,91.59999999999805,203.76000000001375,295.3600000000118,259.7250000000118,650.4400000000476
21.69,38.91,-0.16999999999999815,-0.4300000000000068,1.7939142461964037,1.0,1.7987809327489548,1.0,1.7985024698563836,1.0,39.00951857118496,38.91,0.008992512349281919,0.005,39.00052605883568,38.904999999999994,39.01851108353424,38.915,38.915,39.00052605883568,0.08552605883568276,0.0021980482867047743,IGOV,BWX,2025-02-27,False,4622.0,2570.0,0.0,0.0,,,0.0,0.0,-1.0,True,False,False,1.0,IGOV,BWX,-4622.0,2570.0,0.0,0.0,0.0,0.0,-4622.0,2570.0,0.0,2570.0,4622.0,-0.0,-23.11,-12.85,-35.96,-0.0,-0.0,0.0,-35.96,614.4800000000475
21.67,38.86,-0.019999999999999574,-0.04999999999999716,1.7932625749884632,1.0,1.7989459202344371,1.0,1.7987809327489548,1.0,38.979582812669854,38.86,0.008993904663744775,0.005,38.97058890800611,38.855,38.9885767173336,38.865,38.865,38.97058890800611,0.10558890800610499,0.0027171618117886,IGOV,BWX,2025-02-28,False,4628.0,2573.0,-4622.0,2570.0,IGOV,BWX,0.10558890800610499,0.0027171618117886,1.0,True,False,False,1.0,IGOV,BWX,-4628.0,2573.0,-100251.18000000001,99998.7,200249.88,-252.48000000001048,-6.0,3.0,0.0,3.0,6.0,-0.0,-0.03,-0.015,-0.045,92.43999999999804,-128.4999999999927,-36.05999999999466,-36.10499999999466,578.3750000000529
21.76,39.09,0.08999999999999986,0.23000000000000398,1.7964154411764706,1.0,1.798645253713158,1.0,1.7989459202344371,1.0,39.14506322430135,39.09,0.008994729601172187,0.005,39.13606849470018,39.085,39.15405795390252,39.095000000000006,39.095000000000006,39.13606849470018,0.04106849470017693,0.0010506138321866698,IGOV,BWX,2025-03-03,True,4602.0,2558.0,-4628.0,2573.0,IGOV,BWX,0.04106849470017693,0.0010506138321866698,1.0,True,False,False,1.0,IGOV,BWX,-4602.0,2558.0,-100288.76000000001,99986.78,200275.54,-301.9800000000105,26.0,-15.0,26.0,0.0,-0.0,15.0,-0.13,-0.075,-0.20500000000000002,-416.51999999999936,591.7900000000102,175.27000000001084,175.06500000001083,753.4400000000637
21.83,39.15,0.06999999999999673,0.05999999999999517,1.79340357306459,1.0,1.7983014005609614,1.0,1.798645253713158,1.0,39.264425888558236,39.15,0.008993226268565791,0.005,39.25543266228967,39.144999999999996,39.2734191148268,39.155,39.155,39.25543266228967,0.10043266228966985,0.0025653298158280933,IGOV,BWX,2025-03-04,False,4594.0,2554.0,-4602.0,2558.0,IGOV,BWX,0.10043266228966985,0.0025653298158280933,1.0,True,False,True,0.0,,,0.0,0.0,-100139.52,99992.22000000002,200131.74000000002,-147.29999999998836,4602.0,-2558.0,4602.0,0.0,-0.0,2558.0,-23.01,-12.790000000000001,-35.800000000000004,-322.139999999985,153.47999999998763,-168.65999999999735,-204.45999999999736,548.9800000000664
21.9,39.5,0.07000000000000028,0.3500000000000014,1.8036529680365299,1.0,1.7984608471066394,1.0,1.7983014005609614,1.0,39.38280067228505,39.5,0.008991507002804808,0.005,39.373809165282246,39.495,39.391792179287854,39.505,39.391792179287854,39.495,0.10320782071214296,0.0026128562205605813,BWX,IGOV,2025-03-05,False,4553.0,2532.0,0.0,0.0,,,0.0,0.0,0.0,True,False,False,1.0,BWX,IGOV,4553.0,-2532.0,0.0,0.0,0.0,0.0,4553.0,-2532.0,4553.0,0.0,-0.0,2532.0,-22.765,-12.66,-35.425,0.0,0.0,0.0,-35.425,513.5550000000665
21.91,39.41,0.010000000000001563,-0.09000000000000341,1.7987220447284344,1.0,1.7984753626271943,1.0,1.7984608471066394,1.0,39.40427716010647,39.41,0.008992304235533197,0.005,39.39528485587093,39.404999999999994,39.413269464342,39.415,39.413269464342,39.404999999999994,-0.008269464342006927,-0.00020983162501920648,BWX,IGOV,2025-03-06,False,4563.0,2537.0,4553.0,-2532.0,BWX,IGOV,-0.008269464342006927,-0.00020983162501920648,1.0,False,True,False,0.0,,,0.0,0.0,99710.7,-100014.0,199724.7,-303.3000000000029,-4553.0,2532.0,0.0,2532.0,4553.0,-0.0,-22.765,-12.66,-35.425,45.53000000000712,227.88000000000864,273.41000000001577,237.98500000001576,751.5400000000823
21.92,39.42,0.010000000000001563,0.010000000000005116,1.7983576642335766,1.0,1.7982640945473602,1.0,1.7984753626271943,1.0,39.422579948788105,39.42,0.008992376813135972,0.005,39.41358757197497,39.415,39.43157232560124,39.425000000000004,39.425000000000004,39.415,-0.010000000000005116,-0.00025367833587024646,IGOV,IGOV,2025-03-07,False,4563.0,2537.0,0.0,0.0,,,0.0,0.0,0.0,False,True,False,0.0,,,0.0,0.0,0.0,0.0,0.0,0.0,0.0,0.0,0.0,0.0,-0.0,-0.0,-0.0,-0.0,0.0,0.0,0.0,0.0,0.0,751.5400000000823
21.9,39.43,-0.020000000000003126,0.00999999999999801,1.8004566210045663,1.0,1.7985231460700295,1.0,1.7982640945473602,1.0,39.38198367058719,39.43,0.008991320472736802,0.005,39.37299235011445,39.425,39.39097499105993,39.435,39.39097499105993,39.425,0.03402500894006977,0.0008629218600068417,BWX,IGOV,2025-03-10,False,4560.0,2536.0,0.0,0.0,,,0.0,0.0,0.0,False,False,False,-0.0,,,0.0,0.0,0.0,0.0,0.0,0.0,0.0,0.0,0.0,0.0,-0.0,-0.0,-0.0,-0.0,0.0,-0.0,0.0,0.0,0.0,751.5400000000823
21.94,39.63,0.0400000000000027,0.20000000000000284,1.8062898814949864,1.0,1.7988469295084575,1.0,1.7985231460700295,1.0,39.45959782477645,39.63,0.008992615730350147,0.005,39.4506052090461,39.625,39.4685904405068,39.635000000000005,39.4685904405068,39.625,0.15640955949319846,0.003946746391450882,BWX,IGOV,2025-03-11,False,4538.0,2523.0,0.0,0.0,,,0.0,0.0,-0.0,True,False,False,1.0,BWX,IGOV,4538.0,-2523.0,0.0,0.0,0.0,0.0,4538.0,-2523.0,4538.0,0.0,-0.0,2523.0,-22.69,-12.615,-35.305,0.0,0.0,0.0,-35.305,716.2350000000823
21.91,39.56,-0.030000000000001137,-0.07000000000000028,1.8055682336832497,1.0,1.7991299837181536,1.0,1.7988469295084575,1.0,39.4127362255303,39.56,0.008994234647542287,0.005,39.40374199088276,39.555,39.42173046017785,39.565000000000005,39.42173046017785,39.555,0.13326953982215173,0.0033687952432293155,BWX,IGOV,2025-03-12,False,4547.0,2528.0,4538.0,-2523.0,BWX,IGOV,0.13326953982215173,0.0033687952432293155,1.0,True,False,False,1.0,BWX,IGOV,4547.0,-2528.0,99563.72,-99986.49,199550.21000000002,-422.7700000000041,9.0,-5.0,9.0,0.0,-0.0,5.0,-0.045,-0.025,-0.07,-136.14000000000516,176.61000000000072,40.469999999995565,40.399999999995565,756.6350000000779
21.91,39.47,0.0,-0.09000000000000341,1.8014605203103604,1.0,1.7989790246660096,1.0,1.7991299837181536,1.0,39.418937943264744,39.47,0.008995649918590767,0.005,39.409942293346155,39.464999999999996,39.42793359318333,39.475,39.42793359318333,39.464999999999996,0.03706640681666329,0.0009391032889957763,BWX,IGOV,2025-03-13,False,4559.0,2534.0,4547.0,-2528.0,BWX,IGOV,0.03706640681666329,0.0009391032889957763,1.0,True,False,False,1.0,BWX,IGOV,4559.0,-2534.0,99624.77,-100007.68000000001,199632.45,-382.9100000000035,12.0,-6.0,12.0,0.0,-0.0,6.0,-0.06,-0.03,-0.09,0.0,227.52000000000862,227.52000000000862,227.43000000000862,984.0650000000865
21.91,39.42,0.0,-0.04999999999999716,1.7991784573254221,1.0,1.798841217914593,1.0,1.7989790246660096,1.0,39.41563043043227,39.42,0.008994895123330049,0.005,39.40663553530894,39.415,39.4246253255556,39.425000000000004,39.4246253255556,39.415,-0.009625325555603581,-0.00024417365691536226,BWX,IGOV,2025-03-14,False,4564.0,2537.0,4559.0,-2534.0,BWX,IGOV,-0.009625325555603581,-0.00024417365691536226,1.0,False,True,False,0.0,,,0.0,0.0,99887.69,-100016.98,199904.66999999998,-129.2899999999936,-4559.0,2534.0,0.0,2534.0,4559.0,-0.0,-22.795,-12.67,-35.465,0.0,126.6999999999928,126.6999999999928,91.2349999999928,1075.3000000000793
22.03,39.64,0.120000000000001,0.21999999999999886,1.7993645029505219,1.0,1.7985425309590357,1.0,1.798841217914593,1.0,39.628472030658486,39.64,0.008994206089572965,0.005,39.61947782456891,39.635,39.63746623674806,39.645,39.63746623674806,39.635,-0.002466236748063011,-6.221586145466728e-05,BWX,IGOV,2025-03-17,False,4538.0,2523.0,0.0,0.0,,,0.0,0.0,0.0,False,True,False,0.0,,,0.0,0.0,0.0,0.0,0.0,0.0,0.0,0.0,0.0,0.0,-0.0,-0.0,-0.0,-0.0,0.0,0.0,0.0,0.0,0.0,1075.3000000000793
22.01,39.79,-0.019999999999999574,0.14999999999999858,1.8078146297137663,1.0,1.7988315048129018,1.0,1.7985425309590357,1.0,39.58592110640838,39.79,0.008992712654795178,0.005,39.57692839375358,39.785,39.59491381906317,39.795,39.59491381906317,39.785,0.19008618093682372,0.004777235007208437,BWX,IGOV,2025-03-18,False,4520.0,2513.0,0.0,0.0,,,0.0,0.0,0.0,True,False,False,1.0,BWX,IGOV,4520.0,-2513.0,0.0,0.0,0.0,0.0,4520.0,-2513.0,4520.0,0.0,-0.0,2513.0,-22.6,-12.565,-35.165,-0.0,0.0,0.0,-35.165,1040.1350000000793
22.04,39.78,0.029999999999997584,-0.00999999999999801,1.8049001814882033,1.0,1.799271138539768,1.0,1.7988315048129018,1.0,39.646246366076355,39.78,0.00899415752406451,0.005,39.63725220855229,39.775,39.65524052360042,39.785000000000004,39.65524052360042,39.775,0.11975947639957951,0.003010544906977866,BWX,IGOV,2025-03-19,False,4522.0,2514.0,4520.0,-2513.0,BWX,IGOV,0.11975947639957951,0.003010544906977866,1.0,True,False,False,1.0,BWX,IGOV,4522.0,-2514.0,99485.20000000001,-99992.27,199477.47000000003,-507.06999999999243,2.0,-1.0,2.0,0.0,-0.0,1.0,-0.01,-0.005,-0.015,135.59999999998908,25.129999999995,160.72999999998407,160.7149999999841,1200.8500000000633
21.96,39.57,-0.0799999999999983,-0.21000000000000085,1.8019125683060109,1.0,1.7994173649311491,1.0,1.799271138539768,1.0,39.511994202333305,39.57,0.00899635569269884,0.005,39.5029978466406,39.565,39.52099055802601,39.575,39.52099055802601,39.565,0.044009441973990704,0.0011121921145815189,BWX,IGOV,2025-03-20,False,4547.0,2527.0,4522.0,-2514.0,BWX,IGOV,0.044009441973990704,0.0011121921145815189,1.0,True,False,False,1.0,BWX,IGOV,4547.0,-2527.0,99664.87999999999,-100006.92,199671.8,-342.04000000000815,25.0,-13.0,25.0,0.0,-0.0,13.0,-0.125,-0.065,-0.19,-361.75999999999226,527.9400000000021,166.18000000000984,165.99000000000984,1366.8400000000731
21.89,39.49,-0.07000000000000028,-0.0799999999999983,1.8040201005025127,1.0,1.7996780851606846,1.0,1.7994173649311491,1.0,39.389246118342854,39.49,0.008997086824655746,0.005,39.3802490315182,39.485,39.39824320516751,39.495000000000005,39.39824320516751,39.485,0.08675679483248899,0.002196930737718131,BWX,IGOV,2025-03-21,False,4556.0,2532.0,4547.0,-2527.0,BWX,IGOV,0.08675679483248899,0.002196930737718131,1.0,True,False,False,1.0,BWX,IGOV,4556.0,-2532.0,99852.12000000001,-99993.39,199845.51,-141.26999999998952,9.0,-5.0,9.0,0.0,-0.0,5.0,-0.045,-0.025,-0.07,-318.29000000000127,202.1599999999957,-116.13000000000557,-116.20000000000556,1250.6400000000676
21.8,39.61,-0.08999999999999986,0.11999999999999744,1.8169724770642202,1.0,1.8009816722491903,1.0,1.7996780851606846,1.0,39.23298225650293,39.61,0.008998390425803424,0.005,39.22398386607713,39.605,39.24198064692873,39.615,39.24198064692873,39.605,0.363019353071266,0.00916484102679288,BWX,IGOV,2025-03-24,False,4544.0,2525.0,4556.0,-2532.0,BWX,IGOV,0.363019353071266,0.00916484102679288,1.0,True,False,False,1.0,BWX,IGOV,4544.0,-2525.0,99730.84,-99988.68000000001,199719.52000000002,-257.84000000001106,-12.0,7.0,0.0,7.0,12.0,-0.0,-0.06,-0.035,-0.095,-410.03999999999934,-303.83999999999355,-713.8799999999928,-713.9749999999929,536.6650000000748
21.79,39.37,-0.010000000000001563,-0.240000000000002,1.806792106470858,1.0,1.8016046413752924,1.0,1.8009816722491903,1.0,39.243390638309855,39.37,0.009004908361245952,0.005,39.234385729948606,39.364999999999995,39.2523955466711,39.375,39.2523955466711,39.364999999999995,0.11260445332889191,0.0028601588348715246,BWX,IGOV,2025-03-25,False,4574.0,2540.0,4544.0,-2525.0,BWX,IGOV,0.11260445332889191,0.0028601588348715246,1.0,True,False,False,1.0,BWX,IGOV,4574.0,-2540.0,99059.2,-100015.25,199074.45,-956.0500000000029,30.0,-15.0,30.0,0.0,-0.0,15.0,-0.15,-0.075,-0.22499999999999998,-45.4400000000071,606.000000000005,560.5599999999979,560.3349999999979,1097.0000000000728
21.72,39.16,-0.07000000000000028,-0.21000000000000085,1.8029465930018416,1.0,1.8017702692870494,1.0,1.8016046413752924,1.0,39.13085281067135,39.16,0.009008023206876463,0.005,39.121844787464475,39.154999999999994,39.139860833878224,39.165,39.139860833878224,39.154999999999994,0.015139166121770131,0.00038659770484601974,BWX,IGOV,2025-03-26,False,4601.0,2554.0,4574.0,-2540.0,BWX,IGOV,0.015139166121770131,0.00038659770484601974,1.0,False,False,False,-1.0,BWX,IGOV,4601.0,-2554.0,99667.45999999999,-99999.79999999999,199667.25999999998,-332.3399999999965,27.0,-14.0,27.0,0.0,-0.0,14.0,-0.135,-0.07,-0.20500000000000002,-320.1800000000013,533.4000000000021,213.22000000000082,213.0150000000008,1310.0150000000735
21.72,39.23,0.0,0.07000000000000028,1.8061694290976058,1.0,1.8023830284321094,1.0,1.8017702692870494,1.0,39.13445024891471,39.23,0.009008851346435247,0.005,39.125441397568274,39.224999999999994,39.14345910026115,39.235,39.14345910026115,39.224999999999994,0.08154089973884737,0.002078534278329018,BWX,IGOV,2025-03-27,False,4593.0,2549.0,4601.0,-2554.0,BWX,IGOV,0.0,0.0,-1.0,True,False,False,1.0,BWX,IGOV,4593.0,-2549.0,99933.72,-100014.63999999998,199948.36,-80.9199999999837,-8.0,5.0,0.0,5.0,8.0,-0.0,-0.04,-0.025,-0.065,0.0,-178.7800000000007,-178.7800000000007,-178.8450000000007,1131.1700000000728
21.85,39.49,0.13000000000000256,0.2600000000000051,1.8073226544622425,1.0,1.8030860324057987,1.0,1.8023830284321094,1.0,39.3820691712416,39.49,0.009011915142160548,0.005,39.373057256099436,39.485,39.39108108638376,39.495000000000005,39.39108108638376,39.485,0.0939189136162426,0.0023782961158835807,BWX,IGOV,2025-03-28,False,4564.0,2532.0,4593.0,-2549.0,BWX,IGOV,0.0939189136162426,0.0023782961158835807,1.0,True,False,False,1.0,BWX,IGOV,4564.0,-2532.0,99759.95999999999,-99997.26999999999,199757.22999999998,-237.30999999999767,-29.0,17.0,0.0,17.0,29.0,-0.0,-0.145,-0.085,-0.22999999999999998,597.0900000000117,-662.7400000000131,-65.65000000000134,-65.88000000000135,1065.2900000000716
21.86,39.42,0.00999999999999801,-0.07000000000000028,1.8032936870997256,1.0,1.8034299447019613,1.0,1.8030860324057987,1.0,39.41546066839076,39.42,0.009015430162028994,0.005,39.40644523822873,39.415,39.42447609855279,39.425000000000004,39.42447609855279,39.415,-0.009476098552788415,-0.0002403880911412586,BWX,IGOV,2025-03-31,False,4574.0,2537.0,4564.0,-2532.0,BWX,IGOV,-0.009476098552788415,-0.0002403880911412586,1.0,False,True,False,0.0,,,0.0,0.0,99723.40000000001,-99988.68000000001,199712.08000000002,-265.27999999999884,-4564.0,2532.0,0.0,2532.0,4564.0,-0.0,-22.82,-12.66,-35.480000000000004,45.63999999999092,177.24000000000072,222.87999999999164,187.39999999999162,1252.6900000000633
21.87,39.53,0.010000000000001563,0.10999999999999943,1.8074988568815729,1.0,1.8041347088928106,1.0,1.8034299447019613,1.0,39.441012890631896,39.53,0.009017149723509806,0.005,39.431995740908384,39.525,39.45003004035541,39.535000000000004,39.45003004035541,39.525,0.07496995964459074,0.0018965332568831456,BWX,IGOV,2025-04-01,True,4563.0,2530.0,0.0,0.0,,,0.0,0.0,0.0,True,False,False,1.0,BWX,IGOV,4563.0,-2530.0,0.0,0.0,0.0,0.0,4563.0,-2530.0,4563.0,0.0,-0.0,2530.0,-22.815,-12.65,-35.465,0.0,0.0,0.0,-35.465,1217.2250000000633
21.92,39.69,0.05000000000000071,0.1599999999999966,1.8106751824817515,1.0,1.8044858196150717,1.0,1.8041347088928106,1.0,39.54663281893041,39.69,0.009020673544464054,0.005,39.53761214538595,39.684999999999995,39.555653492474875,39.695,39.555653492474875,39.684999999999995,0.12934650752512056,0.0032589193128022315,BWX,IGOV,2025-04-02,False,4546.0,2520.0,4563.0,-2530.0,BWX,IGOV,0.12934650752512056,0.0032589193128022315,1.0,True,False,True,0.0,,,0.0,0.0,99792.81,-100010.90000000001,199803.71000000002,-218.09000000001106,-4563.0,2530.0,0.0,2530.0,4563.0,-0.0,-22.815,-12.65,-35.465,228.15000000000325,-404.79999999999137,-176.64999999998813,-212.11499999998813,1005.1100000000752
22.41,40.53,0.48999999999999844,0.8400000000000034,1.8085676037483267,1.0,1.804978097566066,1.0,1.8044858196150717,1.0,40.43852721757376,40.53,0.009022429098075359,0.005,40.42950478847568,40.525,40.44754964667183,40.535000000000004,40.44754964667183,40.525,0.07745035332816741,0.00191093889287361,BWX,IGOV,2025-04-03,False,4452.0,2467.0,0.0,0.0,,,0.0,0.0,0.0,True,False,False,1.0,BWX,IGOV,4452.0,-2467.0,0.0,0.0,0.0,0.0,4452.0,-2467.0,4452.0,0.0,-0.0,2467.0,-22.26,-12.335,-34.595,0.0,0.0,0.0,-34.595,970.5150000000751
22.31,40.25,-0.10000000000000142,-0.28000000000000114,1.8041237113402062,1.0,1.8052663999213976,1.0,1.804978097566066,1.0,40.269061356698934,40.25,0.00902489048783033,0.005,40.260036466211105,40.245,40.278086247186764,40.255,40.255,40.260036466211105,0.0050364662111022085,0.00012512959530688717,IGOV,BWX,2025-04-04,False,4484.0,2484.0,4452.0,-2467.0,BWX,IGOV,-0.033086247186766116,-0.0008220185636463631,1.0,False,True,False,0.0,,,0.0,0.0,99769.32,-99987.51000000001,199756.83000000002,-218.19000000000233,-4452.0,2467.0,0.0,2467.0,4452.0,-0.0,-22.26,-12.335,-34.595,-445.2000000000063,690.7600000000028,245.55999999999653,210.96499999999654,1181.4800000000716
22.06,39.85,-0.25,-0.3999999999999986,1.8064369900271988,1.0,1.8055654183725292,1.0,1.8052663999213976,1.0,39.82417678226603,39.85,0.009026331999606988,0.005,39.81515045026642,39.845,39.833203114265636,39.855000000000004,39.833203114265636,39.845,0.011796885734362661,0.00029603226435038045,BWX,IGOV,2025-04-07,False,4529.0,2509.0,0.0,0.0,,,0.0,0.0,0.0,False,False,False,-0.0,,,0.0,0.0,0.0,0.0,0.0,0.0,0.0,0.0,0.0,0.0,-0.0,-0.0,-0.0,-0.0,0.0,-0.0,-0.0,0.0,0.0,1181.4800000000716
22.1,39.93,0.0400000000000027,0.0799999999999983,1.8067873303167419,1.0,1.8055902908136168,1.0,1.8055654183725292,1.0,39.9029957460329,39.93,0.009027827091862646,0.005,39.89396791894104,39.925,39.91202357312476,39.935,39.91202357312476,39.925,0.012976426875233926,0.00032497938580600865,BWX,IGOV,2025-04-08,False,4521.0,2504.0,0.0,0.0,,,0.0,0.0,-0.0,False,False,False,0.0,,,0.0,0.0,0.0,0.0,0.0,0.0,0.0,0.0,0.0,0.0,-0.0,-0.0,-0.0,-0.0,0.0,0.0,0.0,0.0,0.0,1181.4800000000716
21.91,39.92,-0.19000000000000128,-0.00999999999999801,1.8219990871748062,1.0,1.8064118334881947,1.0,1.8055902908136168,1.0,39.56048327172634,39.92,0.009027951454068085,0.005,39.551455320272275,39.915,39.569511223180406,39.925000000000004,39.569511223180406,39.915,0.3454887768195931,0.008654528477444717,BWX,IGOV,2025-04-09,False,4523.0,2505.0,0.0,0.0,,,0.0,0.0,0.0,True,False,False,1.0,BWX,IGOV,4523.0,-2505.0,0.0,0.0,0.0,0.0,4523.0,-2505.0,4523.0,0.0,-0.0,2505.0,-22.615000000000002,-12.525,-35.14,-0.0,-0.0,0.0,-35.14,1146.3400000000715
22.43,40.67,0.5199999999999996,0.75,1.8131966116807847,1.0,1.8069986380567158,1.0,1.8064118334881947,1.0,40.51781742514021,40.67,0.009032059167440973,0.005,40.50878536597277,40.665,40.52684948430765,40.675000000000004,40.52684948430765,40.665,0.13815051569235237,0.003396865396910557,BWX,IGOV,2025-04-10,False,4442.0,2459.0,4523.0,-2505.0,BWX,IGOV,0.13815051569235237,0.003396865396910557,1.0,True,False,False,1.0,BWX,IGOV,4442.0,-2459.0,99098.93000000001,-99999.6,199098.53000000003,-900.6699999999983,-81.0,46.0,0.0,46.0,81.0,-0.0,-0.405,-0.23,-0.635,2351.959999999998,-1878.75,473.2099999999982,472.5749999999982,1618.9150000000698
22.72,41.25,0.28999999999999915,0.5799999999999983,1.815580985915493,1.0,1.8078187644862198,1.0,1.8069986380567158,1.0,41.05500905664858,41.25,0.009034993190283579,0.005,41.045974063458296,41.245,41.06404404983886,41.255,41.06404404983886,41.245,0.18095595016113464,0.0043868109129972035,BWX,IGOV,2025-04-11,False,4380.0,2424.0,4442.0,-2459.0,BWX,IGOV,0.18095595016113464,0.0043868109129972035,1.0,True,False,False,1.0,BWX,IGOV,4380.0,-2424.0,99634.06,-100007.53,199641.59,-373.47000000000116,-62.0,35.0,0.0,35.0,62.0,-0.0,-0.31,-0.17500000000000002,-0.485,1288.1799999999962,-1426.2199999999957,-138.0399999999995,-138.52499999999952,1480.3900000000704
22.83,41.53,0.10999999999999943,0.28000000000000114,1.819097678493211,1.0,1.808805423263354,1.0,1.8078187644862198,1.0,41.27250239322039,41.53,0.009039093822431099,0.005,41.26346329939796,41.525,41.28154148704282,41.535000000000004,41.28154148704282,41.525,0.2434585129571758,0.005862232433353619,BWX,IGOV,2025-04-14,False,4353.0,2408.0,4380.0,-2424.0,BWX,IGOV,0.2434585129571758,0.005862232433353619,1.0,True,False,False,1.0,BWX,IGOV,4353.0,-2408.0,99513.59999999999,-99990.0,199503.59999999998,-476.40000000000873,-27.0,16.0,0.0,16.0,27.0,-0.0,-0.135,-0.08,-0.21500000000000002,481.7999999999975,-678.7200000000028,-196.92000000000525,-197.13500000000525,1283.2550000000651
22.71,41.27,-0.11999999999999744,-0.259999999999998,1.817261118450022,1.0,1.8092777477001665,1.0,1.808805423263354,1.0,41.07797116231077,41.27,0.00904402711631677,0.005,41.06892713519445,41.265,41.087015189427085,41.275000000000006,41.087015189427085,41.265,0.17798481057291582,0.004312692284296482,BWX,IGOV,2025-04-15,False,4383.0,2423.0,4353.0,-2408.0,BWX,IGOV,0.17798481057291582,0.004312692284296482,1.0,True,False,False,1.0,BWX,IGOV,4383.0,-2423.0,99378.98999999999,-100004.24,199383.22999999998,-625.2500000000146,30.0,-15.0,30.0,0.0,-0.0,15.0,-0.15,-0.075,-0.22499999999999998,-522.3599999999889,626.0799999999952,103.72000000000628,103.49500000000629,1386.7500000000714
23.01,41.74,0.3000000000000007,0.46999999999999886,1.813993915688831,1.0,1.8097324344101982,1.0,1.8092777477001665,1.0,41.63148097458083,41.74,0.009046388738500832,0.005,41.62243458584233,41.735,41.640527363319336,41.745000000000005,41.640527363319336,41.735,0.09447263668066341,0.0022633597671457453,BWX,IGOV,2025-04-16,False,4335.0,2396.0,4383.0,-2423.0,BWX,IGOV,0.09447263668066341,0.0022633597671457453,1.0,True,False,False,1.0,BWX,IGOV,4335.0,-2396.0,99537.93000000001,-99997.21,199535.14,-459.27999999999884,-48.0,27.0,0.0,27.0,48.0,-0.0,-0.24,-0.135,-0.375,1314.900000000003,-1138.8099999999972,176.09000000000583,175.71500000000583,1562.4650000000772
22.98,41.77,-0.030000000000001137,0.030000000000001137,1.8176675369886859,1.0,1.810520182844332,1.0,1.8097324344101982,1.0,41.587651342746355,41.77,0.00904866217205099,0.005,41.578602680574306,41.765,41.596700004918404,41.775000000000006,41.596700004918404,41.765,0.16829999508159688,0.004029207447488553,BWX,IGOV,2025-04-17,False,4332.0,2394.0,4335.0,-2396.0,BWX,IGOV,0.16829999508159688,0.004029207447488553,1.0,True,False,False,1.0,BWX,IGOV,4332.0,-2394.0,99748.35,-100009.04000000001,199757.39,-260.6900000000023,-3.0,2.0,0.0,2.0,3.0,-0.0,-0.015,-0.01,-0.025,-130.05000000000493,-71.88000000000272,-201.93000000000765,-201.95500000000766,1360.5100000000696
23.18,42.18,0.1999999999999993,0.4099999999999966,1.819672131147541,1.0,1.8113027843765834,1.0,1.810520182844332,1.0,41.96785783833162,42.18,0.009052600914221661,0.005,41.958805237417394,42.175,41.97691043924584,42.185,41.97691043924584,42.175,0.1980895607541555,0.004696291151117959,BWX,IGOV,2025-04-21,False,4293.0,2371.0,4332.0,-2394.0,BWX,IGOV,0.1980895607541555,0.004696291151117959,1.0,True,False,False,1.0,BWX,IGOV,4293.0,-2371.0,99549.36,-99997.38,199546.74,-448.0200000000041,-39.0,23.0,0.0,23.0,39.0,-0.0,-0.195,-0.115,-0.31,866.3999999999969,-981.5399999999918,-115.13999999999487,-115.44999999999487,1245.0600000000748
23.11,41.95,-0.07000000000000028,-0.22999999999999687,1.815231501514496,1.0,1.811215735599097,1.0,1.8113027843765834,1.0,41.85920734694284,41.95,0.009056513921882918,0.005,41.850150833020955,41.945,41.86826386086472,41.955000000000005,41.86826386086472,41.945,0.07673613913527788,0.001829228584869556,BWX,IGOV,2025-04-22,False,4318.0,2384.0,4293.0,-2371.0,BWX,IGOV,0.07673613913527788,0.001829228584869556,1.0,True,False,False,1.0,BWX,IGOV,4318.0,-2384.0,99511.74,-100008.78,199520.52000000002,-497.0399999999936,25.0,-13.0,25.0,0.0,-0.0,13.0,-0.125,-0.065,-0.19,-300.51000000000124,545.3299999999925,244.8199999999913,244.6299999999913,1489.690000000066
22.83,41.55,-0.28000000000000114,-0.4000000000000057,1.8199737187910645,1.0,1.811874816215107,1.0,1.811215735599097,1.0,41.35005524372738,41.55,0.009056078677995485,0.005,41.34099916504939,41.544999999999995,41.359111322405376,41.555,41.359111322405376,41.544999999999995,0.1858886775946189,0.004473855056428855,BWX,IGOV,2025-04-23,False,4360.0,2407.0,4318.0,-2384.0,BWX,IGOV,0.1858886775946189,0.004473855056428855,1.0,True,False,False,1.0,BWX,IGOV,4360.0,-2407.0,99788.98,-100008.8,199797.78,-219.82000000000698,42.0,-23.0,42.0,0.0,-0.0,23.0,-0.21,-0.115,-0.325,-1209.040000000005,953.6000000000136,-255.43999999999141,-255.7649999999914,1233.9250000000745
23.08,41.98,0.25,0.4299999999999997,1.818890814558059,1.0,1.8126720272929184,1.0,1.811874816215107,1.0,41.818070758244666,41.98,0.009059374081075535,0.005,41.80901138416359,41.974999999999994,41.82713013232574,41.985,41.82713013232574,41.974999999999994,0.14786986767425248,0.003522388462940745,BWX,IGOV,2025-04-24,False,4316.0,2382.0,4360.0,-2407.0,BWX,IGOV,0.14786986767425248,0.003522388462940745,1.0,True,False,False,1.0,BWX,IGOV,4316.0,-2382.0,99538.79999999999,-100010.84999999999,199549.64999999997,-472.0500000000029,-44.0,25.0,0.0,25.0,44.0,-0.0,-0.22,-0.125,-0.345,1090.0,-1035.0099999999993,54.99000000000069,54.64500000000069,1288.5700000000752
22.97,41.81,-0.10999999999999943,-0.1699999999999946,1.8202002612102746,1.0,1.8133735688985517,1.0,1.8126720272929184,1.0,41.63707646691834,41.81,0.009063360136464593,0.005,41.62801310678187,41.805,41.6461398270548,41.815000000000005,41.6461398270548,41.805,0.1588601729451966,0.0037995736174407223,BWX,IGOV,2025-04-25,False,4336.0,2392.0,4316.0,-2382.0,BWX,IGOV,0.1588601729451966,0.0037995736174407223,1.0,True,False,False,1.0,BWX,IGOV,4336.0,-2392.0,99613.28,-99996.35999999999,199609.63999999998,-383.0799999999872,20.0,-10.0,20.0,0.0,-0.0,10.0,-0.1,-0.05,-0.15000000000000002,-474.75999999999755,404.93999999998715,-69.8200000000104,-69.9700000000104,1218.6000000000647
23.1,42.04,0.13000000000000256,0.22999999999999687,1.8199134199134197,1.0,1.8140031071711102,1.0,1.8133735688985517,1.0,41.88892944155655,42.04,0.009066867844492758,0.005,41.87986257371205,42.035,41.897996309401044,42.045,41.897996309401044,42.035,0.13700369059895223,0.0032588889295659426,BWX,IGOV,2025-04-28,False,4314.0,2379.0,4336.0,-2392.0,BWX,IGOV,0.13700369059895223,0.0032588889295659426,1.0,True,False,False,1.0,BWX,IGOV,4314.0,-2379.0,99597.92,-100009.52,199607.44,-411.6000000000058,-22.0,13.0,0.0,13.0,22.0,-0.0,-0.11,-0.065,-0.175,563.6800000000111,-550.1599999999926,13.520000000018513,13.345000000018512,1231.9450000000832
23.08,41.92,-0.020000000000003126,-0.11999999999999744,1.8162911611785097,1.0,1.8146529808750498,1.0,1.8140031071711102,1.0,41.86719171350922,41.92,0.009070015535855552,0.005,41.85812169797337,41.915,41.876261729045076,41.925000000000004,41.876261729045076,41.915,0.03873827095492288,0.0009240999750697252,BWX,IGOV,2025-04-29,False,4326.0,2385.0,4314.0,-2379.0,BWX,IGOV,0.03873827095492288,0.0009240999750697252,1.0,True,False,False,1.0,BWX,IGOV,4326.0,-2385.0,99653.40000000001,-100013.16,199666.56,-359.75999999999476,12.0,-6.0,12.0,0.0,-0.0,6.0,-0.06,-0.03,-0.09,-86.28000000001349,285.47999999999394,199.19999999998043,199.10999999998043,1431.0550000000635
23.08,41.92,0.0,0.0,1.8162911611785097,1.0,1.8150925960898967,1.0,1.8146529808750498,1.0,41.88219079859615,41.92,0.00907326490437525,0.005,41.873117533691776,41.915,41.89126406350052,41.925000000000004,41.89126406350052,41.915,0.02373593649947736,0.0005662198592432577,BWX,IGOV,2025-04-30,False,4328.0,2385.0,4326.0,-2385.0,BWX,IGOV,0.02373593649947736,0.0005662198592432577,1.0,False,False,False,-1.0,BWX,IGOV,4328.0,-2385.0,99844.07999999999,-99979.2,199823.27999999997,-135.1200000000099,2.0,0.0,2.0,0.0,-0.0,-0.0,-0.01,-0.0,-0.01,0.0,-0.0,0.0,-0.01,1431.0450000000635
22.86,41.6,-0.21999999999999886,-0.3200000000000003,1.8197725284339459,1.0,1.8155474633875062,1.0,1.8150925960898967,1.0,41.49301674661504,41.6,0.009075462980449483,0.005,41.48394128363459,41.595,41.50209220959549,41.605000000000004,41.50209220959549,41.595,0.09290779040451014,0.002233360346262263,BWX,IGOV,2025-05-01,True,4363.0,2404.0,4328.0,-2385.0,BWX,IGOV,0.0,0.0,-1.0,True,False,False,1.0,BWX,IGOV,4363.0,-2404.0,99890.23999999999,-99979.2,199869.44,-88.9600000000064,35.0,-19.0,35.0,0.0,-0.0,19.0,-0.17500000000000002,-0.095,-0.27,-952.1599999999951,763.2000000000007,-188.95999999999435,-189.22999999999436,1241.8150000000692
22.9,41.63,0.03999999999999915,0.030000000000001137,1.8179039301310045,1.0,1.8160142797066403,1.0,1.8155474633875062,1.0,41.57603691157389,41.63,0.00907773731693753,0.005,41.56695917425695,41.625,41.58511464889082,41.635000000000005,41.58511464889082,41.625,0.039885351109177236,0.0009580915471817735,BWX,IGOV,2025-05-02,False,4361.0,2402.0,4363.0,-2404.0,BWX,IGOV,0.039885351109177236,0.0009580915471817735,1.0,True,False,True,0.0,,,0.0,0.0,99738.18,-100006.40000000001,199744.58000000002,-268.2200000000157,-4363.0,2404.0,0.0,2404.0,4363.0,-0.0,-21.815,-12.02,-33.835,174.5199999999963,-72.12000000000273,102.39999999999355,68.56499999999355,1310.3800000000626
22.99,41.66,0.08999999999999986,0.02999999999999403,1.8120922140060896,1.0,1.8164127048399343,1.0,1.8160142797066403,1.0,41.750168290455655,41.66,0.009080071398533202,0.005,41.74108821905712,41.654999999999994,41.75924836185419,41.665,41.665,41.74108821905712,0.07608821905711949,0.00182640948288813,IGOV,BWX,2025-05-05,False,4358.0,2400.0,0.0,0.0,,,0.0,0.0,0.0,True,False,False,1.0,IGOV,BWX,-4358.0,2400.0,0.0,0.0,0.0,0.0,-4358.0,2400.0,0.0,2400.0,4358.0,-0.0,-21.79,-12.0,-33.79,0.0,0.0,0.0,-33.79,1276.5900000000627
23.11,41.9,0.120000000000001,0.240000000000002,1.8130679359584596,1.0,1.8167442521364976,1.0,1.8164127048399343,1.0,41.97729760885088,41.9,0.009082063524199671,0.005,41.968215545326686,41.894999999999996,41.98637967237508,41.905,41.905,41.968215545326686,0.06321554532668472,0.0015087242321404468,IGOV,BWX,2025-05-06,False,4336.0,2387.0,-4358.0,2400.0,IGOV,BWX,0.06321554532668472,0.0015087242321404468,1.0,True,False,False,1.0,IGOV,BWX,-4336.0,2387.0,-100190.42,99983.99999999999,200174.41999999998,-206.4200000000128,22.0,-13.0,22.0,0.0,-0.0,13.0,-0.11,-0.065,-0.175,-522.9600000000044,576.0000000000048,53.04000000000042,52.86500000000042,1329.4550000000631
22.98,41.79,-0.129999999999999,-0.10999999999999943,1.818537859007833,1.0,1.8173317785710519,1.0,1.8167442521364976,1.0,41.748782914096715,41.79,0.009083721260682489,0.005,41.739699192836035,41.785,41.757866635357395,41.795,41.757866635357395,41.785,0.02713336464260152,0.000649278885920113,BWX,IGOV,2025-05-07,False,4347.0,2393.0,-4336.0,2387.0,IGOV,BWX,-0.05530080716396668,-0.0013233023968405523,1.0,False,False,False,-1.0,,,0.0,0.0,-100204.95999999999,100015.3,200220.26,-189.65999999998894,4336.0,-2387.0,4336.0,0.0,-0.0,2387.0,-21.68,-11.935,-33.615,563.6799999999957,-262.56999999999863,301.1099999999971,267.4949999999971,1596.9500000000603
22.67,41.21,-0.3099999999999987,-0.5799999999999983,1.8178209086898984,1.0,1.8171228696468067,1.0,1.8173317785710519,1.0,41.19891142020575,41.21,0.00908665889285526,0.005,41.18982476131289,41.205,41.2079980790986,41.215,41.2079980790986,41.205,-0.002998079098603057,-7.275125208937289e-05,BWX,IGOV,2025-05-08,False,4411.0,2427.0,0.0,0.0,,,0.0,0.0,-1.0,False,True,False,0.0,,,0.0,0.0,0.0,0.0,0.0,0.0,0.0,0.0,0.0,0.0,-0.0,-0.0,-0.0,-0.0,0.0,-0.0,-0.0,0.0,0.0,1596.9500000000603
22.77,41.38,0.09999999999999787,0.1700000000000017,1.8173034694773826,1.0,1.8173282125366366,1.0,1.8171228696468067,1.0,41.37588774185779,41.38,0.009085614348234034,0.005,41.36680212750955,41.375,41.384973356206025,41.385000000000005,41.384973356206025,41.375,-0.00997335620602513,-0.00024101875799964064,BWX,IGOV,2025-05-09,False,4392.0,2417.0,0.0,0.0,,,0.0,0.0,0.0,False,True,False,0.0,,,0.0,0.0,0.0,0.0,0.0,0.0,0.0,0.0,0.0,0.0,-0.0,-0.0,-0.0,-0.0,0.0,0.0,0.0,0.0,0.0,1596.9500000000603
22.35,40.47,-0.41999999999999815,-0.9100000000000037,1.810738255033557,1.0,1.8170860759925396,1.0,1.8173282125366366,1.0,40.61728555019383,40.47,0.009086641062683183,0.005,40.60819890913115,40.464999999999996,40.62637219125651,40.475,40.475,40.60819890913115,0.13319890913114563,0.0032912999538212413,IGOV,BWX,2025-05-12,False,4491.0,2471.0,0.0,0.0,,,0.0,0.0,0.0,True,False,False,1.0,IGOV,BWX,-4491.0,2471.0,0.0,0.0,0.0,0.0,-4491.0,2471.0,0.0,2471.0,4491.0,-0.0,-22.455000000000002,-12.355,-34.81,-0.0,-0.0,0.0,-34.81,1562.1400000000604
22.5,40.84,0.14999999999999858,0.37000000000000455,1.8151111111111113,1.0,1.8168867476234347,1.0,1.8170860759925396,1.0,40.88443670983214,40.84,0.009085430379962699,0.005,40.875351279452175,40.835,40.8935221402121,40.845000000000006,40.845000000000006,40.875351279452175,0.030351279452169422,0.000743175304901308,IGOV,BWX,2025-05-13,False,4450.0,2449.0,-4491.0,2471.0,IGOV,BWX,0.030351279452169422,0.000743175304901308,1.0,False,False,False,-1.0,IGOV,BWX,-4450.0,2449.0,-100373.85,100001.37,200375.22,-372.4800000000105,41.0,-22.0,41.0,0.0,-0.0,22.0,-0.20500000000000002,-0.11,-0.315,-673.6499999999936,914.2700000000112,240.62000000001763,240.30500000001763,1802.445000000078
22.45,40.68,-0.05000000000000071,-0.1600000000000037,1.8120267260579066,1.0,1.8166250280038292,1.0,1.8168867476234347,1.0,40.78910748414611,40.68,0.009084433738117174,0.005,40.78002305040799,40.675,40.798191917884225,40.685,40.685,40.78002305040799,0.09502305040798831,0.002335866529203252,IGOV,BWX,2025-05-14,False,4466.0,2458.0,-4450.0,2449.0,IGOV,BWX,0.0,0.0,-1.0,True,False,False,1.0,IGOV,BWX,-4466.0,2458.0,-100125.0,100017.16,200142.16,-107.83999999999651,-16.0,9.0,0.0,9.0,16.0,-0.0,-0.08,-0.045,-0.125,222.50000000000315,-391.84000000000907,-169.34000000000592,-169.46500000000592,1632.980000000072
22.61,40.93,0.16000000000000014,0.25,1.8102609464838568,1.0,1.8164383795435803,1.0,1.8166250280038292,1.0,41.073891883166574,40.93,0.009083125140019147,0.005,41.06480875802656,40.925,41.08297500830659,40.935,40.935,41.06480875802656,0.1298087580265559,0.0031714819942965035,IGOV,BWX,2025-05-15,False,4438.0,2443.0,-4466.0,2458.0,IGOV,BWX,0.1298087580265559,0.0031714819942965035,1.0,True,False,False,1.0,IGOV,BWX,-4438.0,2443.0,-100261.7,99991.44,200253.14,-270.25999999999476,28.0,-15.0,28.0,0.0,-0.0,15.0,-0.14,-0.075,-0.21500000000000002,-714.5600000000006,614.5,-100.06000000000063,-100.27500000000063,1532.7050000000715
22.55,40.91,-0.05999999999999872,-0.020000000000003126,1.8141906873614189,1.0,1.8162645370622168,1.0,1.8164383795435803,1.0,40.96068545870774,40.91,0.009082191897717902,0.005,40.95160326681002,40.904999999999994,40.969767650605455,40.915,40.915,40.95160326681002,0.03660326681001891,0.0008947266392084799,IGOV,BWX,2025-05-16,False,4439.0,2444.0,-4438.0,2443.0,IGOV,BWX,0.03660326681001891,0.0008947266392084799,1.0,False,False,False,-1.0,IGOV,BWX,-4439.0,2444.0,-100343.18,99991.99,200335.16999999998,-351.1899999999878,-1.0,1.0,0.0,1.0,1.0,-0.0,-0.005,-0.005,-0.01,266.27999999999435,-48.86000000000764,217.41999999998671,217.40999999998672,1750.1150000000582
22.7,41.28,0.14999999999999858,0.37000000000000455,1.8185022026431719,1.0,1.8162060406369984,1.0,1.8162645370622168,1.0,41.22920499131232,41.28,0.009081322685311085,0.005,41.22012366862701,41.275,41.238286313997634,41.285000000000004,41.238286313997634,41.275,0.03671368600236491,0.0008893819283518631,BWX,IGOV,2025-05-19,False,4399.0,2422.0,-4439.0,2444.0,IGOV,BWX,0.0,0.0,-1.0,False,False,False,1.0,BWX,IGOV,4399.0,-2422.0,-100099.45,99984.04,200083.49,-115.41000000000349,8838.0,-4866.0,8838.0,0.0,-0.0,4866.0,-44.19,-24.330000000000002,-68.52,-665.8499999999937,904.2800000000111,238.43000000001746,169.91000000001748,1920.0250000000756
22.67,41.24,-0.029999999999997584,-0.03999999999999915,1.8191442434936038,1.0,1.816401677735954,1.0,1.8162060406369984,1.0,41.173390941240754,41.24,0.009081030203184992,0.005,41.16430991103757,41.235,41.18247197144394,41.245000000000005,41.18247197144394,41.235,0.0525280285560612,0.0012737155323972163,BWX,IGOV,2025-05-20,False,4404.0,2425.0,4399.0,-2422.0,BWX,IGOV,0.0525280285560612,0.0012737155323972163,1.0,True,False,False,1.0,BWX,IGOV,4404.0,-2425.0,99857.3,-99980.16,199837.46000000002,-122.86000000000058,5.0,-3.0,5.0,0.0,-0.0,3.0,-0.025,-0.015,-0.04,-131.96999999998937,96.87999999999793,-35.089999999991434,-35.12999999999143,1884.895000000084
22.67,41.2,0.0,-0.03999999999999915,1.8173797970886634,1.0,1.816271981650834,1.0,1.816401677735954,1.0,41.17782603427408,41.2,0.00908200838867977,0.005,41.168744025885395,41.195,41.18690804266276,41.205000000000005,41.18690804266276,41.195,0.008091957337242661,0.00019640673148647235,BWX,IGOV,2025-05-21,False,4408.0,2427.0,4404.0,-2425.0,BWX,IGOV,0.008091957337242661,0.00019640673148647235,1.0,False,True,False,0.0,,,0.0,0.0,99838.68000000001,-100007.0,199845.68,-168.31999999999243,-4404.0,2425.0,0.0,2425.0,4404.0,-0.0,-22.02,-12.125,-34.144999999999996,0.0,96.99999999999793,96.99999999999793,62.85499999999793,1947.750000000082
22.66,41.21,-0.010000000000001563,0.00999999999999801,1.8186231244483673,1.0,1.816258597145349,1.0,1.816271981650834,1.0,41.1567231042079,41.21,0.00908135990825417,0.005,41.14764174429965,41.205,41.16580446411615,41.215,41.16580446411615,41.205,0.03919553588384872,0.0009511171046796583,BWX,IGOV,2025-05-22,False,4408.0,2427.0,0.0,0.0,,,0.0,0.0,0.0,True,False,False,1.0,BWX,IGOV,4408.0,-2427.0,0.0,0.0,0.0,0.0,4408.0,-2427.0,4408.0,0.0,-0.0,2427.0,-22.04,-12.135,-34.175,-0.0,0.0,0.0,-34.175,1913.5750000000821
22.95,41.67,0.28999999999999915,0.46000000000000085,1.8156862745098041,1.0,1.816032897810326,1.0,1.816258597145349,1.0,41.68313480448576,41.67,0.009081292985726746,0.005,41.674053511500034,41.665,41.69221609747149,41.675000000000004,41.675000000000004,41.674053511500034,-0.000946488499970144,-2.2713906886732517e-05,IGOV,BWX,2025-05-23,False,4359.0,2400.0,4408.0,-2427.0,BWX,IGOV,-0.0272160974714879,-0.0006531340885886224,1.0,False,True,False,0.0,,,0.0,0.0,99885.28,-100016.67,199901.95,-131.38999999999942,-4408.0,2427.0,0.0,2427.0,4408.0,-0.0,-22.04,-12.135,-34.175,1278.3199999999963,-1116.4200000000021,161.89999999999418,127.72499999999418,2041.3000000000764
22.91,41.71,-0.03999999999999915,0.03999999999999915,1.8206023570493235,1.0,1.8160673446671212,1.0,1.816032897810326,1.0,41.60531368883457,41.71,0.00908016448905163,0.005,41.59623352434552,41.705,41.61439385332362,41.715,41.61439385332362,41.705,0.09060614667637878,0.0021722883403591173,BWX,IGOV,2025-05-27,False,4355.0,2398.0,0.0,0.0,,,0.0,0.0,0.0,True,False,False,1.0,BWX,IGOV,4355.0,-2398.0,0.0,0.0,0.0,0.0,4355.0,-2398.0,4355.0,0.0,-0.0,2398.0,-21.775000000000002,-11.99,-33.765,-0.0,0.0,0.0,-33.765,2007.5350000000763
22.82,41.48,-0.08999999999999986,-0.23000000000000398,1.8177037686240138,1.0,1.8161379750393962,1.0,1.8160673446671212,1.0,41.442656805303706,41.48,0.009080336723335606,0.005,41.43357646858037,41.474999999999994,41.45173714202704,41.485,41.45173714202704,41.474999999999994,0.023262857972952133,0.0005608210697433013,BWX,IGOV,2025-05-28,False,4379.0,2411.0,4355.0,-2398.0,BWX,IGOV,0.023262857972952133,0.0005608210697433013,1.0,False,False,False,-1.0,BWX,IGOV,4379.0,-2411.0,99773.05,-100020.58,199793.63,-247.52999999999884,24.0,-13.0,24.0,0.0,-0.0,13.0,-0.12,-0.065,-0.185,-391.94999999999936,551.5400000000095,159.59000000001015,159.40500000001015,2166.9400000000865
22.98,41.8,0.16000000000000014,0.3200000000000003,1.8189730200174064,1.0,1.8162720679813407,1.0,1.8161379750393962,1.0,41.73485066640533,41.8,0.009080689875196982,0.005,41.72576997653013,41.794999999999995,41.74393135628053,41.805,41.74393135628053,41.794999999999995,0.05106864371946784,0.0012217378880255466,BWX,IGOV,2025-05-29,False,4344.0,2392.0,4379.0,-2411.0,BWX,IGOV,0.0,0.0,-1.0,True,False,False,1.0,BWX,IGOV,4344.0,-2392.0,99928.78,-100008.28,199937.06,-79.5,-35.0,19.0,0.0,19.0,35.0,-0.0,-0.17500000000000002,-0.095,-0.27,700.6400000000007,-771.5200000000007,-70.88,-71.14999999999999,2095.7900000000864
22.94,41.76,-0.03999999999999915,-0.03999999999999915,1.8204010462074975,1.0,1.8163034938700187,1.0,1.8162720679813407,1.0,41.66528123949196,41.76,0.009081360339906704,0.005,41.656199879152055,41.754999999999995,41.674362599831866,41.765,41.674362599831866,41.754999999999995,0.08063740016812915,0.0019309722262483035,BWX,IGOV,2025-05-30,False,4350.0,2395.0,4344.0,-2392.0,BWX,IGOV,0.08063740016812915,0.0019309722262483035,1.0,True,False,False,1.0,BWX,IGOV,4350.0,-2395.0,99825.12,-99985.59999999999,199810.71999999997,-160.47999999999593,6.0,-3.0,6.0,0.0,-0.0,3.0,-0.03,-0.015,-0.045,-173.7599999999963,95.67999999999796,-78.07999999999834,-78.12499999999834,2017.665000000088
23.02,42.1,0.0799999999999983,0.3400000000000034,1.8288444830582105,1.0,1.8168505215163786,1.0,1.8163034938700187,1.0,41.81130642888783,42.1,0.009081517469350094,0.005,41.802224911418485,42.095,41.82038794635718,42.105000000000004,41.82038794635718,42.095,0.2746120536428194,0.006522851630470769,BWX,IGOV,2025-06-02,True,4314.0,2375.0,4350.0,-2395.0,BWX,IGOV,0.2746120536428194,0.006522851630470769,1.0,True,False,False,1.0,BWX,IGOV,4314.0,-2375.0,99789.0,-100015.2,199804.2,-226.1999999999971,-36.0,20.0,0.0,20.0,36.0,-0.0,-0.18,-0.1,-0.28,347.9999999999926,-814.3000000000081,-466.30000000001553,-466.5800000000155,1551.0850000000723
22.92,41.8,-0.09999999999999787,-0.30000000000000426,1.8237347294938915,1.0,1.8174326472907687,1.0,1.8168505215163786,1.0,41.6422139531554,41.8,0.009084252607581894,0.005,41.63312970054782,41.794999999999995,41.65129820576298,41.805,41.65129820576298,41.794999999999995,0.14370179423701757,0.003437841967392765,BWX,IGOV,2025-06-03,False,4346.0,2392.0,4314.0,-2375.0,BWX,IGOV,0.14370179423701757,0.003437841967392765,1.0,True,False,True,0.0,,,0.0,0.0,99308.28,-99987.5,199295.78,-679.2200000000012,-4314.0,2375.0,0.0,2375.0,4314.0,-0.0,-21.57,-11.875,-33.445,-431.3999999999908,712.5000000000101,281.1000000000193,247.6550000000193,1798.7400000000916
23.05,42.1,0.129999999999999,0.30000000000000426,1.82646420824295,1.0,1.8181024609049934,1.0,1.8174326472907687,1.0,41.89182252005222,42.1,0.009087163236453843,0.005,41.88273535681577,42.095,41.900909683288674,42.105000000000004,41.900909683288674,42.095,0.19409031671132482,0.004610221299556409,BWX,IGOV,2025-06-04,False,4316.0,2375.0,0.0,0.0,,,0.0,0.0,0.0,True,False,False,1.0,BWX,IGOV,4316.0,-2375.0,0.0,0.0,0.0,0.0,4316.0,-2375.0,4316.0,0.0,-0.0,2375.0,-21.580000000000002,-11.875,-33.455,0.0,0.0,0.0,-33.455,1765.2850000000917
22.99,42.02,-0.060000000000002274,-0.0799999999999983,1.827751196172249,1.0,1.8185631277632144,1.0,1.8181024609049934,1.0,41.79817557620579,42.02,0.009090512304524968,0.005,41.78908506390127,42.015,41.80726608851032,42.025000000000006,41.80726608851032,42.015,0.207733911489683,0.004943691372910114,BWX,IGOV,2025-06-05,False,4327.0,2380.0,4316.0,-2375.0,BWX,IGOV,0.207733911489683,0.004943691372910114,1.0,True,False,False,1.0,BWX,IGOV,4327.0,-2380.0,99483.8,-99987.5,199471.3,-503.6999999999971,11.0,-5.0,11.0,0.0,-0.0,5.0,-0.055,-0.025,-0.08,-258.9600000000098,189.99999999999596,-68.96000000001385,-69.04000000001385,1696.2450000000779
22.91,41.92,-0.0799999999999983,-0.10000000000000142,1.8297686599738106,1.0,1.81916051532741,1.0,1.8185631277632144,1.0,41.66328125705524,41.92,0.009092815638816072,0.005,41.65418844141642,41.915,41.672374072694055,41.925000000000004,41.672374072694055,41.915,0.24262592730594434,0.005787832235351726,BWX,IGOV,2025-06-06,False,4337.0,2385.0,4327.0,-2380.0,BWX,IGOV,0.24262592730594434,0.005787832235351726,1.0,True,False,False,1.0,BWX,IGOV,4337.0,-2385.0,99477.73,-100007.6,199485.33000000002,-529.8700000000099,10.0,-5.0,10.0,0.0,-0.0,5.0,-0.05,-0.025,-0.07500000000000001,-346.15999999999264,238.00000000000338,-108.15999999998925,-108.23499999998926,1588.0100000000887
22.97,41.93,0.05999999999999872,0.00999999999999801,1.82542446669569,1.0,1.819566565188325,1.0,1.81916051532741,1.0,41.7861170370706,41.93,0.00909580257663705,0.005,41.777021234493965,41.925,41.79521283964724,41.935,41.79521283964724,41.925,0.1297871603527554,0.0030953293668675268,BWX,IGOV,2025-06-09,False,4339.0,2385.0,4337.0,-2385.0,BWX,IGOV,0.1297871603527554,0.0030953293668675268,1.0,True,False,False,1.0,BWX,IGOV,4339.0,-2385.0,99360.67,-99979.2,199339.87,-618.5299999999988,2.0,0.0,2.0,0.0,-0.0,-0.0,-0.01,-0.0,-0.01,260.21999999999446,-23.849999999995255,236.3699999999992,236.35999999999922,1824.3700000000879
23.0,42.04,0.030000000000001137,0.10999999999999943,1.8278260869565217,1.0,1.8204209567844736,1.0,1.819566565188325,1.0,41.85003099933147,42.04,0.009097832825941626,0.005,41.84093316650553,42.035,41.85912883215742,42.045,41.85912883215742,42.035,0.17587116784257972,0.004183424544304941,BWX,IGOV,2025-06-10,False,4329.0,2379.0,4339.0,-2385.0,BWX,IGOV,0.17587116784257972,0.004183424544304941,1.0,True,False,False,1.0,BWX,IGOV,4329.0,-2379.0,99666.83,-100003.05,199669.88,-336.22000000000116,-10.0,6.0,0.0,6.0,10.0,-0.0,-0.05,-0.03,-0.08,130.17000000000493,-262.34999999999866,-132.17999999999373,-132.25999999999374,1692.1100000000943
23.04,42.16,0.03999999999999915,0.11999999999999744,1.829861111111111,1.0,1.8211584567844734,1.0,1.8204209567844736,1.0,41.94249884431427,42.16,0.009102104783922368,0.005,41.93339673953035,42.154999999999994,41.95160094909819,42.165,41.95160094909819,42.154999999999994,0.2033990509018011,0.0048244556665512596,BWX,IGOV,2025-06-11,False,4318.0,2372.0,4329.0,-2379.0,BWX,IGOV,0.2033990509018011,0.0048244556665512596,1.0,True,False,False,1.0,BWX,IGOV,4318.0,-2372.0,99567.0,-100013.16,199580.16,-446.1600000000035,-11.0,7.0,0.0,7.0,11.0,-0.0,-0.055,-0.035,-0.09,173.1599999999963,-285.47999999999394,-112.31999999999763,-112.40999999999764,1579.7000000000967
23.33,42.59,0.28999999999999915,0.4300000000000068,1.8255465066438066,1.0,1.8218344458137685,1.0,1.8211584567844734,1.0,42.48762679678176,42.59,0.009105792283922368,0.005,42.478521004497836,42.585,42.49673258906569,42.595000000000006,42.49673258906569,42.585,0.08826741093431423,0.0020724914518505336,BWX,IGOV,2025-06-12,False,4276.0,2348.0,4318.0,-2372.0,BWX,IGOV,0.08826741093431423,0.0020724914518505336,1.0,True,False,False,1.0,BWX,IGOV,4276.0,-2348.0,99486.72,-100003.51999999999,199490.24,-516.7999999999884,-42.0,24.0,0.0,24.0,42.0,-0.0,-0.21,-0.12,-0.32999999999999996,1252.2199999999964,-1019.9600000000162,232.2599999999802,231.9299999999802,1811.630000000077
23.16,42.29,-0.16999999999999815,-0.30000000000000426,1.825993091537133,1.0,1.8226210530664322,1.0,1.8218344458137685,1.0,42.19368576504688,42.29,0.009109172229068842,0.005,42.18457659281781,42.285,42.20279493727595,42.295,42.20279493727595,42.285,0.08220506272405004,0.0019438416345247112,BWX,IGOV,2025-06-13,False,4309.0,2365.0,4276.0,-2348.0,BWX,IGOV,0.08220506272405004,0.0019438416345247112,1.0,True,False,False,1.0,BWX,IGOV,4309.0,-2365.0,99759.07999999999,-100001.32,199760.4,-242.2400000000198,33.0,-17.0,33.0,0.0,-0.0,17.0,-0.165,-0.085,-0.25,-726.9199999999921,704.40000000001,-22.519999999982133,-22.769999999982133,1788.8600000000947
23.18,42.35,0.019999999999999574,0.060000000000002274,1.8270060396893875,1.0,1.8232618206828306,1.0,1.8226210530664322,1.0,42.248356010079895,42.35,0.00911310526533216,0.005,42.23924290481456,42.345,42.25746911534523,42.355000000000004,42.25746911534523,42.345,0.08753088465476822,0.0020668449741385645,BWX,IGOV,2025-06-16,False,4303.0,2361.0,4309.0,-2365.0,BWX,IGOV,0.08753088465476822,0.0020668449741385645,1.0,True,False,False,1.0,BWX,IGOV,4303.0,-2361.0,99796.44,-100015.84999999999,199812.28999999998,-219.40999999998894,-6.0,4.0,0.0,4.0,6.0,-0.0,-0.03,-0.02,-0.05,86.17999999999816,-141.90000000000538,-55.72000000000722,-55.770000000007215,1733.0900000000875
23.05,42.17,-0.129999999999999,-0.17999999999999972,1.8295010845986985,1.0,1.8238117647806071,1.0,1.8232618206828306,1.0,42.026184966739244,42.17,0.009116309103414154,0.005,42.01706865763583,42.165,42.035301275842656,42.175000000000004,42.035301275842656,42.165,0.1296987241573433,0.0030756159392303366,BWX,IGOV,2025-06-17,False,4323.0,2371.0,4303.0,-2361.0,BWX,IGOV,0.1296987241573433,0.0030756159392303366,1.0,True,False,False,1.0,BWX,IGOV,4323.0,-2371.0,99743.54,-99988.35,199731.89,-244.81000000001222,20.0,-10.0,20.0,0.0,-0.0,10.0,-0.1,-0.05,-0.15000000000000002,-559.3899999999957,424.97999999999934,-134.40999999999633,-134.55999999999634,1598.5300000000911
23.06,42.17,0.00999999999999801,0.0,1.8287077189939291,1.0,1.8242899385556233,1.0,1.8238117647806071,1.0,42.0570992958408,42.17,0.009119058823903035,0.005,42.047980237016894,42.165,42.066218354664706,42.175000000000004,42.066218354664706,42.165,0.09878164533529343,0.0023424625405571125,BWX,IGOV,2025-06-18,False,4324.0,2371.0,4323.0,-2371.0,BWX,IGOV,0.09878164533529343,0.0023424625405571125,1.0,True,False,False,1.0,BWX,IGOV,4324.0,-2371.0,99645.15000000001,-99985.07,199630.22000000003,-339.91999999999825,1.0,0.0,1.0,0.0,-0.0,-0.0,-0.005,-0.0,-0.005,43.2299999999914,-0.0,43.2299999999914,43.2249999999914,1641.7550000000826
23.01,42.18,-0.04999999999999716,0.00999999999999801,1.833116036505867,1.0,1.8250767505264835,1.0,1.8242899385556233,1.0,41.976911486164894,42.18,0.009121449692778116,0.005,41.96779003647212,42.175,41.98603293585767,42.185,41.98603293585767,42.175,0.18896706414232511,0.004480015745432079,BWX,IGOV,2025-06-20,False,4325.0,2371.0,4324.0,-2371.0,BWX,IGOV,0.18896706414232511,0.004480015745432079,1.0,True,False,False,1.0,BWX,IGOV,4325.0,-2371.0,99711.43999999999,-99985.07,199696.51,-273.6300000000192,1.0,0.0,1.0,0.0,-0.0,-0.0,-0.005,-0.0,-0.005,-216.1999999999877,-23.709999999995283,-239.909999999983,-239.914999999983,1401.8400000000997
23.12,42.39,0.10999999999999943,0.21000000000000085,1.833477508650519,1.0,1.8258194697365913,1.0,1.8250767505264835,1.0,42.1957744721723,42.39,0.009125383752632417,0.005,42.18664908841967,42.385,42.204899855924936,42.395,42.204899855924936,42.385,0.18010014407506247,0.004248646946804965,BWX,IGOV,2025-06-23,False,4305.0,2359.0,4325.0,-2371.0,BWX,IGOV,0.18010014407506247,0.004248646946804965,1.0,True,False,False,1.0,BWX,IGOV,4305.0,-2359.0,99518.25,-100008.78,199527.03,-490.52999999999884,-20.0,12.0,0.0,12.0,20.0,-0.0,-0.1,-0.06,-0.16,475.74999999999756,-497.910000000002,-22.16000000000446,-22.32000000000446,1379.5200000000953
23.29,42.62,0.16999999999999815,0.22999999999999687,1.8299699441820523,1.0,1.8265336532202034,1.0,1.8258194697365913,1.0,42.523335450165206,42.62,0.009129097348682957,0.005,42.51420635281652,42.614999999999995,42.53246454751389,42.625,42.53246454751389,42.614999999999995,0.0825354524861055,0.0019365427612882567,BWX,IGOV,2025-06-24,False,4283.0,2346.0,4305.0,-2359.0,BWX,IGOV,0.0825354524861055,0.0019365427612882567,1.0,True,False,False,1.0,BWX,IGOV,4283.0,-2346.0,99531.6,-99998.01,199529.61,-466.40999999998894,-22.0,13.0,0.0,13.0,22.0,-0.0,-0.11,-0.065,-0.175,731.8499999999921,-542.5699999999927,189.2799999999994,189.1049999999994,1568.6250000000946
23.3,42.72,0.010000000000001563,0.10000000000000142,1.8334763948497852,1.0,1.8271773551102264,1.0,1.8265336532202034,1.0,42.55823412003074,42.72,0.009132668266101018,0.005,42.54910145176464,42.714999999999996,42.56736678829684,42.725,42.56736678829684,42.714999999999996,0.1476332117031589,0.0034558336072836823,BWX,IGOV,2025-06-25,False,4276.0,2341.0,4283.0,-2346.0,BWX,IGOV,0.1476332117031589,0.0034558336072836823,1.0,True,False,False,1.0,BWX,IGOV,4276.0,-2341.0,99751.06999999999,-99986.51999999999,199737.58999999997,-235.4499999999971,-7.0,5.0,0.0,5.0,7.0,-0.0,-0.035,-0.025,-0.060000000000000005,42.83000000000669,-234.60000000000332,-191.76999999999663,-191.82999999999663,1376.7950000000978
23.43,42.95,0.129999999999999,0.23000000000000398,1.8331199317114812,1.0,1.8279481632645997,1.0,1.8271773551102264,1.0,42.81076543023261,42.95,0.009135886775551131,0.005,42.801629543457054,42.945,42.81990131700816,42.955000000000005,42.81990131700816,42.945,0.12509868299184035,0.0029126585097052466,BWX,IGOV,2025-06-26,False,4254.0,2328.0,4276.0,-2341.0,BWX,IGOV,0.12509868299184035,0.0029126585097052466,1.0,True,False,False,1.0,BWX,IGOV,4254.0,-2328.0,99630.8,-100007.52,199638.32,-376.72000000000116,-22.0,13.0,0.0,13.0,22.0,-0.0,-0.11,-0.065,-0.175,555.8799999999958,-538.4300000000093,17.449999999986517,17.274999999986516,1394.0700000000843
23.35,42.84,-0.0799999999999983,-0.10999999999999943,1.8346895074946468,1.0,1.828733987638462,1.0,1.8279481632645997,1.0,42.682589612228405,42.84,0.009139740816323,0.005,42.67344987141208,42.835,42.69172935304473,42.845000000000006,42.69172935304473,42.835,0.1432706469552727,0.0033443194900857304,BWX,IGOV,2025-06-27,False,4266.0,2334.0,4254.0,-2328.0,BWX,IGOV,0.1432706469552727,0.0033443194900857304,1.0,True,False,False,1.0,BWX,IGOV,4266.0,-2334.0,99671.22,-99987.6,199658.82,-316.38000000000466,12.0,-6.0,12.0,0.0,-0.0,6.0,-0.06,-0.03,-0.09,-340.3199999999928,256.0799999999987,-84.2399999999941,-84.3299999999941,1309.7400000000903
23.49,43.1,0.13999999999999702,0.259999999999998,1.8348233290762028,1.0,1.8294551017818972,1.0,1.828733987638462,1.0,42.95696136962747,43.1,0.00914366993819231,0.005,42.94781769968928,43.095,42.96610503956566,43.105000000000004,42.96610503956566,43.095,0.12889496043433724,0.002990602330263045,BWX,IGOV,2025-06-30,False,4243.0,2320.0,4266.0,-2334.0,BWX,IGOV,0.12889496043433724,0.002990602330263045,1.0,True,False,False,1.0,BWX,IGOV,4243.0,-2320.0,99611.1,-99988.56000000001,199599.66000000003,-377.4600000000064,-23.0,14.0,0.0,14.0,23.0,-0.0,-0.115,-0.07,-0.185,597.2399999999873,-606.8399999999954,-9.600000000008095,-9.785000000008095,1299.9550000000822
23.5,43.19,0.010000000000001563,0.0899999999999963,1.8378723404255317,1.0,1.8299064946502632,1.0,1.8294551017818972,1.0,42.99219489187458,43.19,0.009147275508909486,0.005,42.983047616365674,43.184999999999995,43.00134216738349,43.195,43.00134216738349,43.184999999999995,0.18365783261650392,0.004252323052014446,BWX,IGOV,2025-07-01,True,4235.0,2315.0,4243.0,-2320.0,BWX,IGOV,0.18365783261650392,0.004252323052014446,1.0,True,False,False,1.0,BWX,IGOV,4235.0,-2315.0,99668.06999999999,-99992.0,199660.07,-323.93000000000757,-8.0,5.0,0.0,5.0,8.0,-0.0,-0.04,-0.025,-0.065,42.43000000000663,-208.79999999999143,-166.3699999999848,-166.4349999999848,1133.5200000000975
23.43,43.07,-0.07000000000000028,-0.11999999999999744,1.838241570635937,1.0,1.8306318367073657,1.0,1.8299064946502632,1.0,42.87470916965567,43.07,0.009149532473251317,0.005,42.865559637182415,43.065,42.88385870212892,43.075,42.88385870212892,43.065,0.18114129787107913,0.004205741766219622,BWX,IGOV,2025-07-02,False,4249.0,2322.0,4235.0,-2315.0,BWX,IGOV,0.18114129787107913,0.004205741766219622,1.0,True,False,True,0.0,,,0.0,0.0,99522.5,-99984.84999999999,199507.34999999998,-462.34999999999127,-4235.0,2315.0,0.0,2315.0,4235.0,-0.0,-21.175,-11.575000000000001,-32.75,-296.4500000000012,277.7999999999941,-18.650000000007083,-51.40000000000708,1082.1200000000904
23.38,43.03,-0.05000000000000071,-0.03999999999999915,1.8404619332763046,1.0,1.8313317229590331,1.0,1.8306318367073657,1.0,42.80017234221821,43.03,0.009153159183536829,0.005,42.79101918303468,43.025,42.809325501401744,43.035000000000004,42.809325501401744,43.025,0.21567449859825416,0.005012189137770257,BWX,IGOV,2025-07-03,False,4254.0,2324.0,0.0,0.0,,,0.0,0.0,0.0,True,False,False,1.0,BWX,IGOV,4254.0,-2324.0,0.0,0.0,0.0,0.0,4254.0,-2324.0,4254.0,0.0,-0.0,2324.0,-21.27,-11.620000000000001,-32.89,-0.0,-0.0,0.0,-32.89,1049.2300000000903
23.22,42.77,-0.16000000000000014,-0.259999999999998,1.8419465977605514,1.0,1.832041493038448,1.0,1.8313317229590331,1.0,42.523522607108745,42.77,0.009156658614795166,0.005,42.51436594849395,42.765,42.53267926572354,42.775000000000006,42.53267926572354,42.765,0.23232073427646327,0.0054318619190194825,BWX,IGOV,2025-07-07,False,4282.0,2338.0,4254.0,-2324.0,BWX,IGOV,0.23232073427646327,0.0054318619190194825,1.0,True,False,False,1.0,BWX,IGOV,4282.0,-2338.0,99458.51999999999,-100001.72,199460.24,-543.2000000000116,28.0,-14.0,28.0,0.0,-0.0,14.0,-0.14,-0.07,-0.21000000000000002,-680.6400000000006,604.2399999999953,-76.4000000000052,-76.6100000000052,972.620000000085
23.15,42.56,-0.07000000000000028,-0.21000000000000085,1.8384449244060477,1.0,1.83247530626006,1.0,1.832041493038448,1.0,42.41176056384007,42.56,0.00916020746519224,0.005,42.402600356374876,42.555,42.42092077130526,42.565000000000005,42.42092077130526,42.555,0.13407922869473765,0.0031503578170756024,BWX,IGOV,2025-07-08,False,4305.0,2350.0,4282.0,-2338.0,BWX,IGOV,0.13407922869473765,0.0031503578170756024,1.0,True,False,False,1.0,BWX,IGOV,4305.0,-2350.0,99428.04,-99996.26000000001,199424.3,-568.2200000000157,23.0,-12.0,23.0,0.0,-0.0,12.0,-0.115,-0.06,-0.175,-299.7400000000012,490.980000000002,191.2400000000008,191.0650000000008,1163.685000000086
23.19,42.67,0.0400000000000027,0.10999999999999943,1.840017248814144,1.0,1.833204945365983,1.0,1.83247530626006,1.0,42.4951023521708,42.67,0.0091623765313003,0.005,42.485939975639496,42.665,42.5042647287021,42.675000000000004,42.5042647287021,42.665,0.16073527129790222,0.003766938628964195,BWX,IGOV,2025-07-09,False,4295.0,2344.0,4305.0,-2350.0,BWX,IGOV,0.16073527129790222,0.003766938628964195,1.0,True,False,False,1.0,BWX,IGOV,4295.0,-2344.0,99660.75,-100016.0,199676.75,-355.25,-10.0,6.0,0.0,6.0,10.0,-0.0,-0.05,-0.03,-0.08,172.2000000000116,-258.49999999999864,-86.29999999998702,-86.37999999998702,1077.305000000099
23.15,42.6,-0.0400000000000027,-0.07000000000000028,1.840172786177106,1.0,1.833822280327012,1.0,1.833204945365983,1.0,42.438694485222506,42.6,0.009166024726829916,0.005,42.429528460495675,42.595,42.44786050994934,42.605000000000004,42.44786050994934,42.595,0.1471394900506624,0.0034539786396869106,BWX,IGOV,2025-07-10,False,4303.0,2347.0,4295.0,-2344.0,BWX,IGOV,0.1471394900506624,0.0034539786396869106,1.0,True,False,False,1.0,BWX,IGOV,4303.0,-2347.0,99601.05,-100018.48000000001,199619.53000000003,-417.43000000000757,8.0,-3.0,8.0,0.0,-0.0,3.0,-0.04,-0.015,-0.055,-171.8000000000116,164.08000000000067,-7.720000000010941,-7.775000000010941,1069.530000000088
23.04,42.33,-0.10999999999999943,-0.2700000000000031,1.8372395833333333,1.0,1.8341912039381232,1.0,1.833822280327012,1.0,42.251265338734356,42.33,0.009169111401635061,0.005,42.24209622733272,42.324999999999996,42.26043445013599,42.335,42.26043445013599,42.324999999999996,0.06456554986400675,0.0015252905708482579,BWX,IGOV,2025-07-11,False,4331.0,2362.0,4303.0,-2347.0,BWX,IGOV,0.06456554986400675,0.0015252905708482579,1.0,True,False,False,1.0,BWX,IGOV,4331.0,-2362.0,99614.45,-99982.2,199596.65,-367.75,28.0,-15.0,28.0,0.0,-0.0,15.0,-0.14,-0.075,-0.21500000000000002,-473.32999999999754,633.6900000000073,160.3600000000098,160.1450000000098,1229.6750000000977
22.96,42.24,-0.0799999999999983,-0.0899999999999963,1.8397212543554007,1.0,1.8348999413237028,1.0,1.8341912039381232,1.0,42.11303004241931,42.24,0.009170956019690616,0.005,42.10385908639962,42.235,42.122200998439,42.245000000000005,42.122200998439,42.235,0.11279900156100098,0.0026704309081676367,BWX,IGOV,2025-07-14,False,4342.0,2367.0,4331.0,-2362.0,BWX,IGOV,0.11279900156100098,0.0026704309081676367,1.0,True,False,False,1.0,BWX,IGOV,4342.0,-2367.0,99786.23999999999,-99983.45999999999,199769.69999999998,-197.22000000000116,11.0,-5.0,11.0,0.0,-0.0,5.0,-0.055,-0.025,-0.08,-346.47999999999263,212.5799999999913,-133.90000000000134,-133.98000000000135,1095.6950000000963
22.84,41.97,-0.120000000000001,-0.2700000000000031,1.8375656742556918,1.0,1.835478570459631,1.0,1.8348999413237028,1.0,41.90911465983337,41.97,0.009174499706618515,0.005,41.899940160126754,41.964999999999996,41.91828915953999,41.975,41.91828915953999,41.964999999999996,0.046710840460008285,0.0011129578379797066,BWX,IGOV,2025-07-15,False,4373.0,2383.0,4342.0,-2367.0,BWX,IGOV,0.046710840460008285,0.0011129578379797066,1.0,True,False,False,1.0,BWX,IGOV,4373.0,-2383.0,99692.32,-99982.08,199674.40000000002,-289.75999999999476,31.0,-16.0,31.0,0.0,-0.0,16.0,-0.155,-0.08,-0.235,-521.0400000000043,639.0900000000074,118.05000000000314,117.81500000000314,1213.5100000000996
22.97,42.18,0.129999999999999,0.21000000000000085,1.8363082281236396,1.0,1.8359436798813438,1.0,1.835478570459631,1.0,42.160942763457726,42.18,0.009177392852298155,0.005,42.151765370605425,42.175,42.17012015631003,42.185,42.17012015631003,42.175,0.004879843689970187,0.00011569093622499258,BWX,IGOV,2025-07-16,False,4352.0,2371.0,4373.0,-2383.0,BWX,IGOV,0.004879843689970187,0.00011569093622499258,1.0,False,True,False,0.0,,,0.0,0.0,99879.31999999999,-100014.51,199893.83,-135.19000000000233,-4373.0,2383.0,0.0,2383.0,4373.0,-0.0,-21.865000000000002,-11.915000000000001,-33.78,568.4899999999957,-500.43000000000205,68.05999999999364,34.279999999993635,1247.7900000000932
22.89,42.05,-0.0799999999999983,-0.13000000000000256,1.8370467453036259,1.0,1.8363209629165897,1.0,1.8359436798813438,1.0,42.02475083248396,42.05,0.00917971839940672,0.005,42.01557111408455,42.044999999999995,42.03393055088337,42.055,42.03393055088337,42.044999999999995,0.011069449116625663,0.000263244925484558,BWX,IGOV,2025-07-17,False,4366.0,2378.0,0.0,0.0,,,0.0,0.0,0.0,False,False,False,-0.0,,,0.0,0.0,0.0,0.0,0.0,0.0,0.0,0.0,0.0,0.0,-0.0,-0.0,-0.0,-0.0,0.0,-0.0,-0.0,0.0,0.0,1247.7900000000932
22.87,42.11,-0.019999999999999574,0.060000000000002274,1.8412767818102316,1.0,1.836949416057405,1.0,1.8363209629165897,1.0,41.99666042190241,42.11,0.00918160481458295,0.005,41.987478817087826,42.105,42.005842026717,42.115,42.005842026717,42.105,0.09915797328299902,0.0023547369575635008,BWX,IGOV,2025-07-18,False,4361.0,2375.0,0.0,0.0,,,0.0,0.0,-0.0,True,False,False,1.0,BWX,IGOV,4361.0,-2375.0,0.0,0.0,0.0,0.0,4361.0,-2375.0,4361.0,0.0,-0.0,2375.0,-21.805,-11.875,-33.68,-0.0,0.0,0.0,-33.68,1214.1100000000931
23.07,42.5,0.1999999999999993,0.39000000000000057,1.8422193324664065,1.0,1.8374045808554318,1.0,1.836949416057405,1.0,42.37842302844433,42.5,0.009184747080287025,0.005,42.36923828136404,42.495,42.38760777552462,42.505,42.38760777552462,42.495,0.107392224475376,0.002526875870008847,BWX,IGOV,2025-07-21,False,4322.0,2353.0,4361.0,-2375.0,BWX,IGOV,0.107392224475376,0.002526875870008847,1.0,True,False,False,1.0,BWX,IGOV,4322.0,-2353.0,99736.07,-100011.25,199747.32,-275.179999999993,-39.0,22.0,0.0,22.0,39.0,-0.0,-0.195,-0.11,-0.305,872.1999999999969,-926.2500000000014,-54.0500000000045,-54.3550000000045,1159.7550000000886
23.21,42.77,0.14000000000000057,0.2700000000000031,1.8427401981904352,1.0,1.8378677153324277,1.0,1.8374045808554318,1.0,42.64616032165458,42.77,0.00918702290427716,0.005,42.6369732987503,42.765,42.655347344558855,42.775000000000006,42.655347344558855,42.765,0.10965265544114544,0.002563774969397836,BWX,IGOV,2025-07-22,False,4296.0,2338.0,4322.0,-2353.0,BWX,IGOV,0.10965265544114544,0.002563774969397836,1.0,True,False,False,1.0,BWX,IGOV,4296.0,-2338.0,99708.54000000001,-100002.5,199711.04,-293.95999999999185,-26.0,15.0,0.0,15.0,26.0,-0.0,-0.13,-0.075,-0.20500000000000002,605.0800000000024,-635.3100000000073,-30.230000000004907,-30.435000000004905,1129.3200000000836
23.15,42.7,-0.060000000000002274,-0.07000000000000028,1.8444924406047518,1.0,1.8385938401535626,1.0,1.8378677153324277,1.0,42.5466376099457,42.7,0.009189338576662138,0.005,42.53744827136904,42.695,42.55582694852236,42.705000000000005,42.55582694852236,42.695,0.13917305147764125,0.0032593220486567035,BWX,IGOV,2025-07-23,False,4304.0,2342.0,4296.0,-2338.0,BWX,IGOV,0.13917305147764125,0.0032593220486567035,1.0,True,False,False,1.0,BWX,IGOV,4304.0,-2342.0,99710.16,-99996.26000000001,199706.42,-286.1000000000058,8.0,-4.0,8.0,0.0,-0.0,4.0,-0.04,-0.02,-0.06,-257.76000000000977,163.66000000000065,-94.10000000000912,-94.16000000000912,1035.1600000000744
23.1,42.58,-0.04999999999999716,-0.12000000000000455,1.8432900432900432,1.0,1.8390845225755759,1.0,1.8385938401535626,1.0,42.4715177075473,42.58,0.009192969200767813,0.005,42.46232473834653,42.574999999999996,42.48071067674807,42.585,42.48071067674807,42.574999999999996,0.09428932325192818,0.002214404021886524,BWX,IGOV,2025-07-24,False,4319.0,2349.0,4304.0,-2342.0,BWX,IGOV,0.09428932325192818,0.002214404021886524,1.0,True,False,False,1.0,BWX,IGOV,4319.0,-2349.0,99637.59999999999,-100003.40000000001,199641.0,-365.80000000001746,15.0,-7.0,15.0,0.0,-0.0,7.0,-0.075,-0.035,-0.11,-215.19999999998777,281.04000000001065,65.84000000002288,65.73000000002288,1100.8900000000974
23.05,42.45,-0.05000000000000071,-0.12999999999999545,1.8416485900216921,1.0,1.8395109554910865,1.0,1.8390845225755759,1.0,42.390898245367026,42.45,0.00919542261287788,0.005,42.38170282275415,42.445,42.4000936679799,42.455000000000005,42.4000936679799,42.445,0.04490633202009775,0.0010578641229705005,BWX,IGOV,2025-07-25,False,4333.0,2356.0,4319.0,-2349.0,BWX,IGOV,0.04490633202009775,0.0010578641229705005,1.0,True,False,False,1.0,BWX,IGOV,4333.0,-2356.0,99768.90000000001,-100020.42,199789.32,-251.51999999998952,14.0,-7.0,14.0,0.0,-0.0,7.0,-0.07,-0.035,-0.10500000000000001,-215.95000000000306,305.3699999999893,89.41999999998626,89.31499999998626,1190.2050000000836
22.87,42.05,-0.17999999999999972,-0.4000000000000057,1.838653257542632,1.0,1.8397091429934853,1.0,1.8395109554910865,1.0,42.069615552081146,42.05,0.009197554777455432,0.005,42.06041799730369,42.044999999999995,42.078813106858604,42.055,42.055,42.06041799730369,0.005417997303688082,0.00012884654705560246,IGOV,BWX,2025-07-28,False,4374.0,2378.0,4333.0,-2356.0,BWX,IGOV,-0.03381310685860939,-0.0008041166910489748,1.0,False,True,False,0.0,,,0.0,0.0,99875.65000000001,-100012.20000000001,199887.85000000003,-136.5500000000029,-4333.0,2356.0,0.0,2356.0,4333.0,-0.0,-21.665,-11.78,-33.445,-779.9399999999988,942.4000000000134,162.4600000000146,129.0150000000146,1319.2200000000983
22.85,41.98,-0.019999999999999574,-0.07000000000000028,1.8371991247264767,1.0,1.839827932775999,1.0,1.8397091429934853,1.0,42.03735391740114,41.98,0.009198545714967426,0.005,42.028155371686175,41.974999999999994,42.04655246311611,41.985,41.985,42.028155371686175,0.04315537168617567,0.001027998372705471,IGOV,BWX,2025-07-29,False,4382.0,2382.0,0.0,0.0,,,0.0,0.0,0.0,True,False,False,1.0,IGOV,BWX,-4382.0,2382.0,0.0,0.0,0.0,0.0,-4382.0,2382.0,0.0,2382.0,4382.0,-0.0,-21.91,-11.91,-33.82,-0.0,-0.0,0.0,-33.82,1285.4000000000983
22.62,41.56,-0.23000000000000043,-0.4199999999999946,1.837312113174182,1.0,1.839799921413432,1.0,1.839827932775999,1.0,41.6169078393931,41.56,0.009199139663879995,0.005,41.60770869972922,41.555,41.62610697905698,41.565000000000005,41.565000000000005,41.60770869972922,0.04270869972921787,0.0010276395507511518,IGOV,BWX,2025-07-30,False,4427.0,2406.0,-4382.0,2382.0,IGOV,BWX,0.04270869972921787,0.0010276395507511518,1.0,True,False,False,1.0,IGOV,BWX,-4427.0,2406.0,-100128.70000000001,99996.35999999999,200125.06,-132.3400000000256,-45.0,24.0,0.0,24.0,45.0,-0.0,-0.225,-0.12,-0.345,1007.8600000000018,-1000.4399999999871,7.420000000014738,7.075000000014739,1292.4750000001131
22.58,41.44,-0.0400000000000027,-0.12000000000000455,1.8352524357838795,1.0,1.8396504646708292,1.0,1.839799921413432,1.0,41.54268222551529,41.44,0.00919899960706716,0.005,41.53348322590823,41.434999999999995,41.55188122512236,41.445,41.445,41.53348322590823,0.08848322590822733,0.002135212980410891,IGOV,BWX,2025-07-31,False,4439.0,2413.0,-4427.0,2406.0,IGOV,BWX,0.08848322590822733,0.002135212980410891,1.0,True,False,False,1.0,IGOV,BWX,-4439.0,2413.0,-100138.74,99993.36,200132.1,-145.38000000000466,-12.0,7.0,0.0,7.0,12.0,-0.0,-0.06,-0.035,-0.095,177.08000000001195,-288.72000000001094,-111.63999999999899,-111.73499999999899,1180.7400000001142
22.9,42.12,0.3200000000000003,0.6799999999999997,1.8393013100436681,1.0,1.8395924335091969,1.0,1.8396504646708292,1.0,42.127995640961984,42.12,0.009198252323354146,0.005,42.11879738863863,42.114999999999995,42.137193893285335,42.125,42.125,42.11879738863863,-0.006202611361366905,-0.00014726047866493128,IGOV,BWX,2025-08-01,True,4367.0,2374.0,-4439.0,2413.0,IGOV,BWX,-0.006202611361366905,-0.00014726047866493128,1.0,False,True,False,0.0,,,0.0,0.0,-100232.62,99994.72,200227.34,-237.89999999999418,4439.0,-2413.0,4439.0,0.0,-0.0,2413.0,-22.195,-12.065,-34.26,-1420.4800000000012,1640.8399999999992,220.35999999999808,186.0999999999981,1366.8400000001122
22.96,42.15,0.060000000000002274,0.030000000000001137,1.835801393728223,1.0,1.8392851733075806,1.0,1.8395924335091969,1.0,42.23704227337116,42.15,0.009197962167545985,0.005,42.22784431120361,42.144999999999996,42.24624023553871,42.155,42.155,42.22784431120361,0.07284431120361035,0.0017282161614142432,IGOV,BWX,2025-08-04,False,4364.0,2372.0,0.0,0.0,,,0.0,0.0,0.0,True,False,True,0.0,,,0.0,0.0,0.0,0.0,0.0,0.0,0.0,0.0,0.0,0.0,-0.0,-0.0,-0.0,-0.0,0.0,0.0,0.0,0.0,0.0,1366.8400000001122
22.93,42.17,-0.030000000000001137,0.020000000000003126,1.8390754470126474,1.0,1.8393166994379109,1.0,1.8392851733075806,1.0,42.17480902394282,42.17,0.009196425866537903,0.005,42.16561259807628,42.165,42.18400544980936,42.175000000000004,42.175000000000004,42.16561259807628,-0.00938740192372478,-0.00022260853506579986,IGOV,BWX,2025-08-05,False,4361.0,2371.0,0.0,0.0,,,0.0,0.0,0.0,False,True,False,0.0,,,0.0,0.0,0.0,0.0,0.0,0.0,0.0,0.0,0.0,0.0,-0.0,-0.0,-0.0,-0.0,0.0,-0.0,0.0,0.0,0.0,1366.8400000001122
23.03,42.4,0.10000000000000142,0.22999999999999687,1.8410768562744244,1.0,1.8393696798109243,1.0,1.8393166994379109,1.0,42.35946358805509,42.4,0.009196583497189555,0.005,42.3502670045579,42.394999999999996,42.368660171552285,42.405,42.368660171552285,42.394999999999996,0.026339828447710545,0.000621222369049777,BWX,IGOV,2025-08-06,False,4337.0,2358.0,0.0,0.0,,,0.0,0.0,0.0,False,False,False,-0.0,,,0.0,0.0,0.0,0.0,0.0,0.0,0.0,0.0,0.0,0.0,-0.0,-0.0,-0.0,-0.0,0.0,0.0,0.0,0.0,0.0,1366.8400000001122
23.05,42.43,0.019999999999999574,0.030000000000001137,1.8407809110629068,1.0,1.8394000860552144,1.0,1.8393696798109243,1.0,42.39747111964181,42.43,0.009196848399054621,0.005,42.38827427124275,42.425,42.406667968040864,42.435,42.406667968040864,42.425,0.018332031959133133,0.00043205354605545916,BWX,IGOV,2025-08-07,False,4335.0,2357.0,0.0,0.0,,,0.0,0.0,-0.0,False,False,False,0.0,,,0.0,0.0,0.0,0.0,0.0,0.0,0.0,0.0,0.0,0.0,-0.0,-0.0,-0.0,-0.0,0.0,0.0,0.0,0.0,0.0,1366.8400000001122
22.98,42.31,-0.07000000000000028,-0.11999999999999744,1.8411662315056572,1.0,1.839596418463831,1.0,1.8394000860552144,1.0,42.26941397754883,42.31,0.009197000430276072,0.005,42.26021697711855,42.305,42.278610977979106,42.315000000000005,42.278610977979106,42.305,0.02638902202089355,0.0006237065001392945,BWX,IGOV,2025-08-08,False,4348.0,2364.0,0.0,0.0,,,0.0,0.0,0.0,False,False,False,-0.0,,,0.0,0.0,0.0,0.0,0.0,0.0,0.0,0.0,0.0,0.0,-0.0,-0.0,-0.0,-0.0,0.0,-0.0,-0.0,0.0,0.0,1366.8400000001122
22.91,42.19,-0.07000000000000028,-0.12000000000000455,1.8415539065910083,1.0,1.8396880510756113,1.0,1.839596418463831,1.0,42.145153947006364,42.19,0.009197982092319154,0.005,42.13595596491405,42.184999999999995,42.15435192909868,42.195,42.15435192909868,42.184999999999995,0.030648070901314384,0.0007264297440463235,BWX,IGOV,2025-08-11,False,4360.0,2370.0,0.0,0.0,,,0.0,0.0,-0.0,False,False,False,0.0,,,0.0,0.0,0.0,0.0,0.0,0.0,0.0,0.0,0.0,0.0,-0.0,-0.0,-0.0,-0.0,0.0,-0.0,-0.0,0.0,0.0,1366.8400000001122
22.97,42.26,0.05999999999999872,0.07000000000000028,1.8397910317805835,1.0,1.8397993189518556,1.0,1.8396880510756113,1.0,42.25763453320679,42.26,0.009198440255378056,0.005,42.248436092951415,42.254999999999995,42.266832973462165,42.265,42.265,42.254999999999995,-0.010000000000005116,-0.00023663038334134208,IGOV,IGOV,2025-08-12,False,4353.0,2366.0,0.0,0.0,,,0.0,0.0,0.0,False,True,False,0.0,,,0.0,0.0,0.0,0.0,0.0,0.0,0.0,0.0,0.0,0.0,-0.0,-0.0,-0.0,-0.0,0.0,0.0,0.0,0.0,0.0,1366.8400000001122
23.09,42.56,0.120000000000001,0.30000000000000426,1.8432221741013426,1.0,1.840145016250741,1.0,1.8397993189518556,1.0,42.480966274598345,42.56,0.009198996594759278,0.005,42.47176727800358,42.555,42.490165271193106,42.565000000000005,42.490165271193106,42.555,0.06483472880689334,0.0015233723873800127,BWX,IGOV,2025-08-13,False,4324.0,2350.0,0.0,0.0,,,0.0,0.0,0.0,True,False,False,1.0,BWX,IGOV,4324.0,-2350.0,0.0,0.0,0.0,0.0,4324.0,-2350.0,4324.0,0.0,-0.0,2350.0,-21.62,-11.75,-33.370000000000005,0.0,0.0,0.0,-33.370000000000005,1333.4700000001121
22.94,42.28,-0.14999999999999858,-0.28000000000000114,1.8430688753269397,1.0,1.8404461227519064,1.0,1.840145016250741,1.0,42.212926672792,42.28,0.009200725081253705,0.005,42.203725947710744,42.275,42.22212739787326,42.285000000000004,42.22212739787326,42.275,0.052872602126740276,0.001250534581994803,BWX,IGOV,2025-08-14,False,4352.0,2365.0,4324.0,-2350.0,BWX,IGOV,0.052872602126740276,0.001250534581994803,1.0,True,False,False,1.0,BWX,IGOV,4352.0,-2365.0,99841.16,-100016.0,199857.16,-174.8399999999965,28.0,-15.0,28.0,0.0,-0.0,15.0,-0.14,-0.075,-0.21500000000000002,-648.5999999999939,658.0000000000027,9.400000000008845,9.185000000008845,1342.655000000121
22.94,42.25,0.0,-0.030000000000001137,1.8417611159546643,1.0,1.8404703394591284,1.0,1.8404461227519064,1.0,42.219834055928736,42.25,0.009202230613759533,0.005,42.21063182531498,42.245,42.229036286542495,42.255,42.229036286542495,42.245,0.015963713457502138,0.0003778393717751985,BWX,IGOV,2025-08-15,False,4356.0,2367.0,4352.0,-2365.0,BWX,IGOV,0.015963713457502138,0.0003778393717751985,1.0,False,False,False,-1.0,BWX,IGOV,4356.0,-2367.0,99834.88,-99992.2,199827.08000000002,-157.31999999999243,4.0,-2.0,4.0,0.0,-0.0,2.0,-0.02,-0.01,-0.03,0.0,70.95000000000269,70.95000000000269,70.92000000000269,1413.5750000001235
22.89,42.18,-0.05000000000000071,-0.07000000000000028,1.8427260812581914,1.0,1.8404956768987177,1.0,1.8404703394591284,1.0,42.12836607021945,42.18,0.009202351697295642,0.005,42.11916371852215,42.175,42.13756842191675,42.185,42.13756842191675,42.175,0.03743157808325037,0.0008874248004563862,BWX,IGOV,2025-08-18,False,4364.0,2371.0,4356.0,-2367.0,BWX,IGOV,0.0,0.0,-1.0,False,False,False,1.0,BWX,IGOV,4364.0,-2371.0,99926.64,-100005.75,199932.39,-79.11000000000058,8.0,-4.0,8.0,0.0,-0.0,4.0,-0.04,-0.02,-0.06,-217.80000000000308,165.69000000000068,-52.1100000000024,-52.1700000000024,1361.4050000001212
22.87,42.12,-0.019999999999999574,-0.060000000000002274,1.8417140358548314,1.0,1.8404443687819374,1.0,1.8404956768987177,1.0,42.09213613067368,42.12,0.009202478384493588,0.005,42.082933652289185,42.114999999999995,42.101338609058175,42.125,42.101338609058175,42.114999999999995,0.013661390941820173,0.0003243445142882282,BWX,IGOV,2025-08-19,False,4369.0,2374.0,4364.0,-2371.0,BWX,IGOV,0.013661390941820173,0.0003243445142882282,1.0,False,False,False,-1.0,BWX,IGOV,4369.0,-2374.0,99891.96,-100008.78,199900.74,-116.81999999999243,5.0,-3.0,5.0,0.0,-0.0,3.0,-0.025,-0.015,-0.04,-87.27999999999814,142.2600000000054,54.98000000000725,54.94000000000725,1416.3450000001285
22.9,42.17,0.029999999999997584,0.05000000000000426,1.8414847161572054,1.0,1.84029398255956,1.0,1.8404443687819374,1.0,42.146176045106365,42.17,0.009202221843909687,0.005,42.13697382326246,42.165,42.15537826695027,42.175000000000004,42.15537826695027,42.165,0.0096217330497268,0.00022816535569662792,BWX,IGOV,2025-08-20,False,4364.0,2371.0,4369.0,-2374.0,BWX,IGOV,0.0,0.0,-1.0,False,False,False,1.0,BWX,IGOV,4364.0,-2371.0,99919.03,-99992.87999999999,199911.90999999997,-73.84999999999127,-5.0,3.0,0.0,3.0,5.0,-0.0,-0.025,-0.015,-0.04,131.06999999998945,-118.70000000001012,12.369999999979328,12.329999999979329,1428.6750000001077
22.76,41.87,-0.13999999999999702,-0.30000000000000426,1.8396309314586992,1.0,1.8401110269679926,1.0,1.84029398255956,1.0,41.88509104305559,41.87,0.0092014699127978,0.005,41.87588957314279,41.864999999999995,41.894292512968384,41.875,41.875,41.87588957314279,0.0008895731427926989,2.1246074583059444e-05,IGOV,BWX,2025-08-21,False,4395.0,2388.0,4364.0,-2371.0,BWX,IGOV,-0.029292512968389417,-0.0006996062328251593,1.0,False,True,False,0.0,,,0.0,0.0,99935.59999999999,-99985.07,199920.66999999998,-49.470000000015716,-4364.0,2371.0,0.0,2371.0,4364.0,-0.0,-21.82,-11.855,-33.675,-610.959999999987,711.3000000000101,100.34000000002311,66.66500000002311,1495.3400000001309
23.0,42.38,0.23999999999999844,0.5100000000000051,1.8426086956521741,1.0,1.8401590322495167,1.0,1.8401110269679926,1.0,42.32255362026383,42.38,0.009200555134839963,0.005,42.31335306512899,42.375,42.33175417539867,42.385000000000005,42.33175417539867,42.375,0.04324582460132831,0.0010204300283465858,BWX,IGOV,2025-08-22,False,4343.0,2360.0,0.0,0.0,,,0.0,0.0,0.0,True,False,False,1.0,BWX,IGOV,4343.0,-2360.0,0.0,0.0,0.0,0.0,4343.0,-2360.0,4343.0,0.0,-0.0,2360.0,-21.715,-11.8,-33.515,0.0,0.0,0.0,-33.515,1461.8250000001308
22.82,42.02,-0.17999999999999972,-0.35999999999999943,1.84136722173532,1.0,1.840294730459151,1.0,1.8401590322495167,1.0,41.99242911593397,42.02,0.009200795161247584,0.005,41.983228320772724,42.015,42.00162991109522,42.025000000000006,42.00162991109522,42.015,0.013370088904778754,0.00031818393395475374,BWX,IGOV,2025-08-25,False,4380.0,2380.0,4343.0,-2360.0,BWX,IGOV,0.013370088904778754,0.00031818393395475374,1.0,False,False,False,-1.0,BWX,IGOV,4380.0,-2380.0,99889.0,-100016.8,199905.8,-127.80000000000291,37.0,-20.0,37.0,0.0,-0.0,20.0,-0.185,-0.1,-0.28500000000000003,-781.7399999999988,849.5999999999987,67.8599999999999,67.5749999999999,1529.4000000001306
22.91,42.15,0.08999999999999986,0.12999999999999545,1.8398079441292012,1.0,1.8404251714292876,1.0,1.840294730459151,1.0,42.16115227481915,42.15,0.009201473652295756,0.005,42.151950801166855,42.144999999999996,42.17035374847145,42.155,42.155,42.151950801166855,-0.0030491988331462494,-7.234160932731315e-05,IGOV,BWX,2025-08-26,False,4365.0,2372.0,4380.0,-2380.0,BWX,IGOV,0.0,0.0,-1.0,False,True,False,0.0,,,0.0,0.0,99951.6,-100007.6,199959.2,-56.0,-4380.0,2380.0,0.0,2380.0,4380.0,-0.0,-21.900000000000002,-11.9,-33.800000000000004,394.19999999999936,-309.3999999999892,84.80000000001019,51.00000000001018,1580.4000000001408
22.92,42.18,0.010000000000001563,0.030000000000001137,1.8403141361256543,1.0,1.8405752725768612,1.0,1.8404251714292876,1.0,42.18254492915928,42.18,0.009202125857146439,0.005,42.173342803302134,42.175,42.19174705501642,42.185,42.185,42.175,-0.010000000000005116,-0.0002370791844477268,IGOV,IGOV,2025-08-27,False,4364.0,2371.0,0.0,0.0,,,0.0,0.0,0.0,False,True,False,0.0,,,0.0,0.0,0.0,0.0,0.0,0.0,0.0,0.0,0.0,0.0,-0.0,-0.0,-0.0,-0.0,0.0,0.0,0.0,0.0,0.0,1580.4000000001408
23.0,42.43,0.0799999999999983,0.25,1.8447826086956522,1.0,1.8410517812224498,1.0,1.8405752725768612,1.0,42.333231269267806,42.43,0.009202876362884306,0.005,42.32402839290492,42.425,42.34243414563069,42.435,42.34243414563069,42.425,0.08256585436930663,0.001945931048062848,BWX,IGOV,2025-08-28,False,4338.0,2357.0,0.0,0.0,,,0.0,0.0,0.0,True,False,False,1.0,BWX,IGOV,4338.0,-2357.0,0.0,0.0,0.0,0.0,4338.0,-2357.0,4338.0,0.0,-0.0,2357.0,-21.69,-11.785,-33.475,0.0,0.0,0.0,-33.475,1546.925000000141
23.0,42.41,0.0,-0.020000000000003126,1.8439130434782607,1.0,1.8412823678941794,1.0,1.8410517812224498,1.0,42.344190968116344,42.41,0.009205258906112249,0.005,42.33498570921023,42.404999999999994,42.35339622702246,42.415,42.35339622702246,42.404999999999994,0.051603772977536266,0.0012167831402390065,BWX,IGOV,2025-08-29,False,4341.0,2358.0,4338.0,-2357.0,BWX,IGOV,0.051603772977536266,0.0012167831402390065,1.0,True,False,False,1.0,BWX,IGOV,4341.0,-2358.0,99774.0,-100007.51,199781.51,-233.50999999999476,3.0,-1.0,3.0,0.0,-0.0,1.0,-0.015,-0.005,-0.02,0.0,47.14000000000737,47.14000000000737,47.120000000007366,1594.0450000001483
22.76,42.01,-0.23999999999999844,-0.3999999999999986,1.845782073813708,1.0,1.8417814018984537,1.0,1.8412823678941794,1.0,41.907586693271526,42.01,0.009206411839470897,0.005,41.898380281432054,42.004999999999995,41.916793105111,42.015,41.916793105111,42.004999999999995,0.08820689488899802,0.0020996642439656756,BWX,IGOV,2025-09-02,True,4382.0,2380.0,4341.0,-2358.0,BWX,IGOV,0.08820689488899802,0.0020996642439656756,1.0,True,False,False,1.0,BWX,IGOV,4382.0,-2380.0,99843.0,-100002.78,199845.78,-159.77999999999884,41.0,-22.0,41.0,0.0,-0.0,22.0,-0.20500000000000002,-0.11,-0.315,-1041.8399999999933,943.1999999999966,-98.63999999999669,-98.95499999999669,1495.0900000001516
22.82,42.1,0.05999999999999872,0.09000000000000341,1.8448729184925505,1.0,1.8420712754724486,1.0,1.8417814018984537,1.0,42.02945159132271,42.1,0.009208907009492269,0.005,42.02024268431322,42.095,42.038660498332206,42.105000000000004,42.038660498332206,42.095,0.056339501667793,0.0013382304434155106,BWX,IGOV,2025-09-03,False,4374.0,2375.0,4382.0,-2380.0,BWX,IGOV,0.056339501667793,0.0013382304434155106,1.0,True,False,True,0.0,,,0.0,0.0,99734.32,-99983.79999999999,199718.12,-249.47999999998137,-4382.0,2380.0,0.0,2380.0,4382.0,-0.0,-21.91,-11.9,-33.81,262.9199999999944,-214.20000000000812,48.71999999998627,14.909999999986269,1510.0000000001378
22.86,42.09,0.03999999999999915,-0.00999999999999801,1.841207349081365,1.0,1.842077800112796,1.0,1.8420712754724486,1.0,42.109749357300174,42.09,0.009210356377362243,0.005,42.100539000922815,42.085,42.11895971367753,42.095000000000006,42.095000000000006,42.100539000922815,0.005539000922809123,0.0001315989765457145,IGOV,BWX,2025-09-04,False,4377.0,2376.0,0.0,0.0,,,0.0,0.0,0.0,False,True,False,0.0,,,0.0,0.0,0.0,0.0,0.0,0.0,0.0,0.0,0.0,0.0,-0.0,-0.0,-0.0,-0.0,0.0,0.0,-0.0,0.0,0.0,1510.0000000001378
23.06,42.62,0.1999999999999993,0.529999999999994,1.8482220294882914,1.0,1.8424498560340652,1.0,1.842077800112796,1.0,42.47831407060107,42.62,0.00921038900056398,0.005,42.46910368160051,42.614999999999995,42.48752445960164,42.625,42.48752445960164,42.614999999999995,0.12747554039835762,0.0029909793617634356,BWX,IGOV,2025-09-05,False,4322.0,2346.0,0.0,0.0,,,0.0,0.0,0.0,True,False,False,1.0,BWX,IGOV,4322.0,-2346.0,0.0,0.0,0.0,0.0,4322.0,-2346.0,4322.0,0.0,-0.0,2346.0,-21.61,-11.73,-33.34,0.0,0.0,0.0,-33.34,1476.6600000001379
23.11,42.77,0.05000000000000071,0.15000000000000568,1.8507139766334921,1.0,1.8429272432904569,1.0,1.8424498560340652,1.0,42.57901617294725,42.77,0.009212249280170327,0.005,42.56980392366708,42.765,42.58822842222742,42.775000000000006,42.58822842222742,42.765,0.176771577772584,0.004133074065293056,BWX,IGOV,2025-09-08,False,4308.0,2338.0,4322.0,-2346.0,BWX,IGOV,0.176771577772584,0.004133074065293056,1.0,True,False,False,1.0,BWX,IGOV,4308.0,-2338.0,99665.31999999999,-99986.51999999999,199651.83999999997,-321.1999999999971,-14.0,8.0,0.0,8.0,14.0,-0.0,-0.07,-0.04,-0.11000000000000001,216.10000000000306,-351.90000000001334,-135.80000000001027,-135.91000000001029,1340.7500000001276
23.06,42.61,-0.05000000000000071,-0.1600000000000037,1.8477883781439723,1.0,1.8432389668681046,1.0,1.8429272432904569,1.0,42.49790223027793,42.61,0.009214636216452285,0.005,42.488687594061474,42.605,42.507116866494385,42.615,42.507116866494385,42.605,0.0978831335056114,0.0022971868928798734,BWX,IGOV,2025-09-09,False,4325.0,2347.0,4308.0,-2338.0,BWX,IGOV,0.0978831335056114,0.0022971868928798734,1.0,True,False,False,1.0,BWX,IGOV,4325.0,-2347.0,99557.88,-99996.26000000001,199554.14,-438.38000000000466,17.0,-9.0,17.0,0.0,-0.0,9.0,-0.085,-0.045,-0.13,-215.40000000000305,374.0800000000086,158.68000000000558,158.55000000000558,1499.3000000001332
23.06,42.65,0.0,0.03999999999999915,1.849522983521249,1.0,1.8437255644551385,1.0,1.8432389668681046,1.0,42.50509057597849,42.65,0.009216194834340522,0.005,42.495874381144155,42.644999999999996,42.51430677081283,42.655,42.51430677081283,42.644999999999996,0.13069322918716608,0.003064319558901901,BWX,IGOV,2025-09-10,False,4322.0,2345.0,4325.0,-2347.0,BWX,IGOV,0.13069322918716608,0.003064319558901901,1.0,True,False,False,1.0,BWX,IGOV,4322.0,-2345.0,99734.5,-100005.67,199740.16999999998,-271.16999999999825,-3.0,2.0,0.0,2.0,3.0,-0.0,-0.015,-0.01,-0.025,0.0,-93.879999999998,-93.879999999998,-93.90499999999801,1405.3950000001353
23.14,42.83,0.08000000000000185,0.17999999999999972,1.8509075194468452,1.0,1.8441098317224132,1.0,1.8437255644551385,1.0,42.6638095614919,42.83,0.009218627822275692,0.005,42.654590933669624,42.824999999999996,42.67302818931418,42.835,42.67302818931418,42.824999999999996,0.151971810685815,0.0035482561448941163,BWX,IGOV,2025-09-11,False,4305.0,2335.0,4322.0,-2345.0,BWX,IGOV,0.151971810685815,0.0035482561448941163,1.0,True,False,False,1.0,BWX,IGOV,4305.0,-2335.0,99665.31999999999,-100014.25,199679.57,-348.93000000000757,-17.0,10.0,0.0,10.0,17.0,-0.0,-0.085,-0.05,-0.135,345.760000000008,-422.09999999999934,-76.33999999999133,-76.47499999999134,1328.920000000144
23.06,42.66,-0.08000000000000185,-0.1700000000000017,1.849956634865568,1.0,1.844454219699345,1.0,1.8441098317224132,1.0,42.52517271951884,42.66,0.009220549158612066,0.005,42.51595217036023,42.654999999999994,42.534393268677455,42.665,42.534393268677455,42.654999999999994,0.12060673132253896,0.0028271620094359813,BWX,IGOV,2025-09-12,False,4323.0,2344.0,4305.0,-2335.0,BWX,IGOV,0.12060673132253896,0.0028271620094359813,1.0,True,False,False,1.0,BWX,IGOV,4323.0,-2344.0,99617.7,-100008.05,199625.75,-390.3500000000058,18.0,-9.0,18.0,0.0,-0.0,9.0,-0.09,-0.045,-0.135,-344.40000000000794,396.95000000000397,52.54999999999603,52.414999999996034,1381.33500000014
23.16,42.86,0.10000000000000142,0.20000000000000284,1.8506044905008636,1.0,1.8448963884266547,1.0,1.844454219699345,1.0,42.71755972823683,42.86,0.009222271098496725,0.005,42.708337457138335,42.855,42.72678199933532,42.865,42.72678199933532,42.855,0.12821800066467404,0.0029915539119149334,BWX,IGOV,2025-09-15,False,4303.0,2333.0,4323.0,-2344.0,BWX,IGOV,0.12821800066467404,0.0029915539119149334,1.0,True,False,False,1.0,BWX,IGOV,4303.0,-2333.0,99688.37999999999,-99995.04,199683.41999999998,-306.6600000000035,-20.0,11.0,0.0,11.0,20.0,-0.0,-0.1,-0.055,-0.155,432.30000000000615,-468.80000000000666,-36.50000000000051,-36.65500000000051,1344.6800000001397
23.27,43.09,0.10999999999999943,0.23000000000000398,1.8517404383326173,1.0,1.8453471062803757,1.0,1.8448963884266547,1.0,42.93073895868825,43.09,0.009224481942133274,0.005,42.92151447674612,43.085,42.939963440630386,43.095000000000006,42.939963440630386,43.085,0.1450365593696148,0.003365898337656412,BWX,IGOV,2025-09-16,False,4282.0,2321.0,4303.0,-2333.0,BWX,IGOV,0.1450365593696148,0.003365898337656412,1.0,True,False,False,1.0,BWX,IGOV,4282.0,-2321.0,99657.48,-99992.38,199649.86,-334.90000000000873,-21.0,12.0,0.0,12.0,21.0,-0.0,-0.105,-0.06,-0.16499999999999998,473.32999999999754,-536.5900000000092,-63.2600000000117,-63.4250000000117,1281.255000000128
23.22,43.02,-0.05000000000000071,-0.07000000000000028,1.8527131782945738,1.0,1.8458970634023633,1.0,1.8453471062803757,1.0,42.84895980783032,43.02,0.009226735531401879,0.005,42.83973307229892,43.015,42.85818654336172,43.025000000000006,42.85818654336172,43.015,0.1568134566382824,0.0036451291640697903,BWX,IGOV,2025-09-17,False,4290.0,2325.0,4282.0,-2321.0,BWX,IGOV,0.1568134566382824,0.0036451291640697903,1.0,True,False,False,1.0,BWX,IGOV,4290.0,-2325.0,99642.14,-100011.89000000001,199654.03000000003,-369.75000000001455,8.0,-4.0,8.0,0.0,-0.0,4.0,-0.04,-0.02,-0.06,-214.10000000000304,162.47000000000065,-51.63000000000238,-51.690000000002385,1229.5650000001256
23.08,42.68,-0.14000000000000057,-0.3400000000000034,1.8492201039861353,1.0,1.8462838327938098,1.0,1.8458970634023633,1.0,42.60330422332654,42.68,0.009229485317011817,0.005,42.594074738009525,42.675,42.612533708643554,42.685,42.612533708643554,42.675,0.06246629135644355,0.001463596329813579,BWX,IGOV,2025-09-18,False,4325.0,2343.0,4290.0,-2325.0,BWX,IGOV,0.06246629135644355,0.001463596329813579,1.0,True,False,False,1.0,BWX,IGOV,4325.0,-2343.0,99613.79999999999,-100021.5,199635.3,-407.70000000001164,35.0,-18.0,35.0,0.0,-0.0,18.0,-0.17500000000000002,-0.09,-0.265,-600.6000000000024,790.500000000008,189.90000000000555,189.63500000000556,1419.2000000001312
23.04,42.55,-0.03999999999999915,-0.13000000000000256,1.8467881944444444,1.0,1.846641695943097,1.0,1.8462838327938098,1.0,42.538379507569374,42.55,0.00923141916396905,0.005,42.52914808840541,42.544999999999995,42.54761092673334,42.555,42.54761092673334,42.544999999999995,-0.00261092673334673,-6.136138033717346e-05,BWX,IGOV,2025-09-19,False,4339.0,2350.0,4325.0,-2343.0,BWX,IGOV,-0.00261092673334673,-6.136138033717346e-05,1.0,False,True,False,0.0,,,0.0,0.0,99820.99999999999,-99999.24,199820.24,-178.2400000000198,-4325.0,2343.0,0.0,2343.0,4325.0,-0.0,-21.625,-11.715,-33.34,-172.9999999999963,304.590000000006,131.5900000000097,98.25000000000969,1517.450000000141
23.09,42.65,0.05000000000000071,0.10000000000000142,1.8471199653529666,1.0,1.8468672594281366,1.0,1.846641695943097,1.0,42.638956759326106,42.65,0.009233208479715484,0.005,42.62972355084639,42.644999999999996,42.64818996780582,42.655,42.64818996780582,42.644999999999996,-0.0031899678058238123,-7.47940868891867e-05,BWX,IGOV,2025-09-22,False,4330.0,2345.0,0.0,0.0,,,0.0,0.0,0.0,False,True,False,0.0,,,0.0,0.0,0.0,0.0,0.0,0.0,0.0,0.0,0.0,0.0,-0.0,-0.0,-0.0,-0.0,0.0,0.0,0.0,0.0,0.0,1517.450000000141
23.11,42.72,0.019999999999999574,0.07000000000000028,1.8485504110774555,1.0,1.8472264188952434,1.0,1.8468672594281366,1.0,42.681102365384234,42.72,0.009234336297140683,0.005,42.67186802908709,42.714999999999996,42.690336701681375,42.725,42.690336701681375,42.714999999999996,0.024663298318621685,0.0005773243988441406,BWX,IGOV,2025-09-23,False,4324.0,2341.0,0.0,0.0,,,0.0,0.0,0.0,False,False,False,-0.0,,,0.0,0.0,0.0,0.0,0.0,0.0,0.0,0.0,0.0,0.0,-0.0,-0.0,-0.0,-0.0,0.0,0.0,0.0,0.0,0.0,1517.450000000141
22.93,42.42,-0.17999999999999972,-0.29999999999999716,1.8499781945050153,1.0,1.847734931414034,1.0,1.8472264188952434,1.0,42.35690178526793,42.42,0.009236132094476218,0.005,42.34766565317345,42.415,42.36613791736241,42.425000000000004,42.36613791736241,42.415,0.04886208263759073,0.001151864277170927,BWX,IGOV,2025-09-24,False,4354.0,2357.0,0.0,0.0,,,0.0,0.0,-0.0,True,False,False,1.0,BWX,IGOV,4354.0,-2357.0,0.0,0.0,0.0,0.0,4354.0,-2357.0,4354.0,0.0,-0.0,2357.0,-21.77,-11.785,-33.555,-0.0,-0.0,0.0,-33.555,1483.895000000141
22.79,42.15,-0.14000000000000057,-0.2700000000000031,1.8494953927161035,1.0,1.8481939942435563,1.0,1.847734931414034,1.0,42.10987908692584,42.15,0.009238674657070171,0.005,42.10064041226877,42.144999999999996,42.119117761582906,42.155,42.119117761582906,42.144999999999996,0.02588223841708981,0.0006140507335015376,BWX,IGOV,2025-09-25,False,4383.0,2372.0,4354.0,-2357.0,BWX,IGOV,0.02588223841708981,0.0006140507335015376,1.0,False,False,False,-1.0,BWX,IGOV,4383.0,-2372.0,99837.22,-99983.94,199821.16,-146.72000000000116,29.0,-15.0,29.0,0.0,-0.0,15.0,-0.145,-0.075,-0.21999999999999997,-609.5600000000024,636.3900000000074,26.83000000000493,26.61000000000493,1510.5050000001459
22.85,42.34,0.060000000000002274,0.19000000000000483,1.8529540481400437,1.0,1.8486025662157761,1.0,1.8481939942435563,1.0,42.23123276846527,42.34,0.009240969971217781,0.005,42.22199179849405,42.335,42.240473738436485,42.345000000000006,42.240473738436485,42.335,0.09452626156351585,0.002232552233432117,BWX,IGOV,2025-09-26,False,4365.0,2362.0,4383.0,-2372.0,BWX,IGOV,0.0,0.0,-1.0,True,False,False,1.0,BWX,IGOV,4365.0,-2362.0,99888.56999999999,-99979.8,199868.37,-91.23000000001048,-18.0,10.0,0.0,10.0,18.0,-0.0,-0.09,-0.05,-0.14,262.98000000000997,-450.68000000001143,-187.70000000000147,-187.84000000000145,1322.6650000001443
22.96,42.56,0.10999999999999943,0.21999999999999886,1.853658536585366,1.0,1.8490898408711314,1.0,1.8486025662157761,1.0,42.44391492031422,42.56,0.009243012831078881,0.005,42.43467190748314,42.555,42.4531579331453,42.565000000000005,42.4531579331453,42.555,0.10184206685470087,0.0023929057061724828,BWX,IGOV,2025-09-29,False,4344.0,2350.0,4365.0,-2362.0,BWX,IGOV,0.10184206685470087,0.0023929057061724828,1.0,True,False,False,1.0,BWX,IGOV,4344.0,-2350.0,99740.25,-100007.08,199747.33000000002,-266.83000000000175,-21.0,12.0,0.0,12.0,21.0,-0.0,-0.105,-0.06,-0.16499999999999998,480.14999999999753,-519.6399999999974,-39.48999999999984,-39.65499999999984,1283.0100000001446
23.0,42.6,0.03999999999999915,0.03999999999999915,1.8521739130434782,1.0,1.8494094328326196,1.0,1.8490898408711314,1.0,42.529066340036024,42.6,0.009245449204355657,0.005,42.51982089083167,42.595,42.53831178924038,42.605000000000004,42.53831178924038,42.595,0.056688210759617164,0.0013307091727609661,BWX,IGOV,2025-09-30,False,4340.0,2347.0,4344.0,-2350.0,BWX,IGOV,0.056688210759617164,0.0013307091727609661,1.0,True,False,False,1.0,BWX,IGOV,4340.0,-2347.0,99738.24,-100016.0,199754.24,-277.75999999999476,-4.0,3.0,0.0,3.0,4.0,-0.0,-0.02,-0.015,-0.035,173.7599999999963,-93.999999999998,79.7599999999983,79.7249999999983,1362.735000000143
22.99,42.64,-0.010000000000001563,0.03999999999999915,1.8547194432361898,1.0,1.8499017590698017,1.0,1.8494094328326196,1.0,42.51792286082192,42.64,0.009247047164163098,0.005,42.50867581365775,42.635,42.527169907986085,42.645,42.527169907986085,42.635,0.1078300920139128,0.0025288483117709383,BWX,IGOV,2025-10-01,True,4337.0,2345.0,4340.0,-2347.0,BWX,IGOV,0.1078300920139128,0.0025288483117709383,1.0,True,False,False,1.0,BWX,IGOV,4337.0,-2345.0,99820.0,-99982.2,199802.2,-162.1999999999971,-3.0,2.0,0.0,2.0,3.0,-0.0,-0.015,-0.01,-0.025,-43.400000000006784,-93.879999999998,-137.2800000000048,-137.3050000000048,1225.430000000138
22.97,42.61,-0.019999999999999574,-0.030000000000001137,1.8550282977797128,1.0,1.850592806504719,1.0,1.8499017590698017,1.0,42.49224340583334,42.61,0.009249508795349009,0.005,42.48299389703799,42.605,42.50149291462869,42.615,42.50149291462869,42.605,0.10350708537130515,0.002429173559523707,BWX,IGOV,2025-10-02,False,4342.0,2347.0,4337.0,-2345.0,BWX,IGOV,0.10350708537130515,0.002429173559523707,1.0,True,False,True,0.0,,,0.0,0.0,99707.62999999999,-99990.8,199698.43,-283.1700000000128,-4337.0,2345.0,0.0,2345.0,4337.0,-0.0,-21.685,-11.725,-33.41,-86.73999999999815,70.35000000000267,-16.38999999999548,-49.79999999999548,1175.6300000001427
22.96,42.59,-0.00999999999999801,-0.01999999999999602,1.8549651567944252,1.0,1.8509299628700258,1.0,1.850592806504719,1.0,42.48961083734835,42.59,0.009252964032523596,0.005,42.480357873315825,42.585,42.49886380138088,42.595000000000006,42.49886380138088,42.585,0.0861361986191227,0.002022451247220537,BWX,IGOV,2025-10-03,False,4345.0,2348.0,0.0,0.0,,,0.0,0.0,0.0,True,False,False,1.0,BWX,IGOV,4345.0,-2348.0,0.0,0.0,0.0,0.0,4345.0,-2348.0,4345.0,0.0,-0.0,2348.0,-21.725,-11.74,-33.465,-0.0,-0.0,0.0,-33.465,1142.1650000001428
22.8,42.38,-0.16000000000000014,-0.21000000000000085,1.8587719298245615,1.0,1.8513328605295793,1.0,1.8509299628700258,1.0,42.20120315343659,42.38,0.00925464981435013,0.005,42.191948503622235,42.375,42.21045780325094,42.385000000000005,42.21045780325094,42.375,0.16454219674906057,0.0038825435759570685,BWX,IGOV,2025-10-06,False,4368.0,2360.0,4345.0,-2348.0,BWX,IGOV,0.16454219674906057,0.0038825435759570685,1.0,True,False,False,1.0,BWX,IGOV,4368.0,-2360.0,99761.2,-100001.32,199762.52000000002,-240.1200000000099,23.0,-12.0,23.0,0.0,-0.0,12.0,-0.115,-0.06,-0.175,-695.2000000000006,493.080000000002,-202.11999999999864,-202.29499999999865,939.870000000144
22.7,42.2,-0.10000000000000142,-0.17999999999999972,1.8590308370044055,1.0,1.8518949834726013,1.0,1.8513328605295793,1.0,42.02525593402145,42.2,0.009256664302647898,0.005,42.015999269718804,42.195,42.0345125983241,42.205000000000005,42.0345125983241,42.195,0.16048740167590125,0.003803018997059271,BWX,IGOV,2025-10-07,False,4388.0,2370.0,4368.0,-2360.0,BWX,IGOV,0.16048740167590125,0.003803018997059271,1.0,True,False,False,1.0,BWX,IGOV,4388.0,-2370.0,99590.40000000001,-100016.8,199607.2,-426.3999999999942,20.0,-10.0,20.0,0.0,-0.0,10.0,-0.1,-0.05,-0.15000000000000002,-436.8000000000062,424.79999999999933,-12.000000000006878,-12.150000000006878,927.7200000001371
22.69,42.18,-0.00999999999999801,-0.020000000000003126,1.8589687086822388,1.0,1.8523672697306506,1.0,1.8518949834726013,1.0,42.019497174993326,42.18,0.009259474917363007,0.005,42.01023770007596,42.175,42.02875664991069,42.185,42.02875664991069,42.175,0.146243350089307,0.0034671254170058558,BWX,IGOV,2025-10-08,False,4391.0,2371.0,4388.0,-2370.0,BWX,IGOV,0.146243350089307,0.0034671254170058558,1.0,True,False,False,1.0,BWX,IGOV,4391.0,-2371.0,99607.59999999999,-100014.0,199621.59999999998,-406.40000000000873,3.0,-1.0,3.0,0.0,-0.0,1.0,-0.015,-0.005,-0.02,-43.87999999999127,47.40000000000741,3.5200000000161396,3.5000000000161395,931.2200000001533
22.58,41.97,-0.11000000000000298,-0.21000000000000085,1.858724534986714,1.0,1.852758120507644,1.0,1.8523672697306506,1.0,41.82645295051809,41.97,0.009261836348653253,0.005,41.81719111416943,41.964999999999996,41.835714786866745,41.975,41.835714786866745,41.964999999999996,0.12928521313325092,0.003080419660072693,BWX,IGOV,2025-10-09,False,4414.0,2383.0,4391.0,-2371.0,BWX,IGOV,0.12928521313325092,0.003080419660072693,1.0,True,False,False,1.0,BWX,IGOV,4414.0,-2383.0,99631.79000000001,-100008.78,199640.57,-376.9899999999907,23.0,-12.0,23.0,0.0,-0.0,12.0,-0.115,-0.06,-0.175,-483.0100000000131,497.910000000002,14.899999999988893,14.724999999988892,945.9450000001422
22.73,42.26,0.15000000000000213,0.28999999999999915,1.8592168939727232,1.0,1.8532211334630015,1.0,1.852758120507644,1.0,42.11319207913875,42.26,0.00926379060253822,0.005,42.10392828853621,42.254999999999995,42.12245586974129,42.265,42.12245586974129,42.254999999999995,0.13254413025870804,0.0031363968352746815,BWX,IGOV,2025-10-10,False,4384.0,2366.0,4414.0,-2383.0,BWX,IGOV,0.13254413025870804,0.0031363968352746815,1.0,True,False,False,1.0,BWX,IGOV,4384.0,-2366.0,99668.12,-100014.51,199682.63,-346.3899999999994,-30.0,17.0,0.0,17.0,30.0,-0.0,-0.15,-0.085,-0.235,662.1000000000095,-691.069999999998,-28.969999999988545,-29.204999999988544,916.7400000001536
22.71,42.18,-0.019999999999999574,-0.0799999999999983,1.8573315719947159,1.0,1.8535574875376941,1.0,1.8532211334630015,1.0,42.08665194094477,42.18,0.009266105667315007,0.005,42.077385835277454,42.175,42.095918046612084,42.185,42.095918046612084,42.175,0.07908195338791302,0.0018748685013729972,BWX,IGOV,2025-10-13,False,4394.0,2371.0,4384.0,-2366.0,BWX,IGOV,0.07908195338791302,0.0018748685013729972,1.0,True,False,False,1.0,BWX,IGOV,4394.0,-2371.0,99648.32,-99987.15999999999,199635.47999999998,-338.83999999998196,10.0,-5.0,10.0,0.0,-0.0,5.0,-0.05,-0.025,-0.07500000000000001,-87.67999999999813,189.27999999999597,101.59999999999783,101.52499999999783,1018.2650000001514
22.78,42.37,0.07000000000000028,0.18999999999999773,1.8599648814749778,1.0,1.853968709694812,1.0,1.8535574875376941,1.0,42.22403956610867,42.37,0.00926778743768847,0.005,42.214771778670986,42.364999999999995,42.23330735354636,42.375,42.23330735354636,42.364999999999995,0.13169264645363654,0.003108157811036973,BWX,IGOV,2025-10-14,False,4374.0,2360.0,4394.0,-2371.0,BWX,IGOV,0.13169264645363654,0.003108157811036973,1.0,True,False,False,1.0,BWX,IGOV,4374.0,-2360.0,99787.74,-100008.78,199796.52000000002,-221.0399999999936,-20.0,11.0,0.0,11.0,20.0,-0.0,-0.1,-0.055,-0.155,307.58000000000123,-450.4899999999946,-142.90999999999337,-143.06499999999338,875.2000000001581
22.86,42.59,0.0799999999999983,0.22000000000000597,1.8630796150481193,1.0,1.8544870315324897,1.0,1.853968709694812,1.0,42.381724703623405,42.59,0.009269843548474061,0.005,42.37245486007493,42.585,42.39099454717188,42.595000000000006,42.39099454717188,42.585,0.19400545282812232,0.0045551879039239795,BWX,IGOV,2025-10-15,False,4353.0,2348.0,4374.0,-2360.0,BWX,IGOV,0.19400545282812232,0.0045551879039239795,1.0,True,False,False,1.0,BWX,IGOV,4353.0,-2348.0,99639.72,-99993.2,199632.91999999998,-353.4799999999959,-21.0,12.0,0.0,12.0,21.0,-0.0,-0.105,-0.06,-0.16499999999999998,349.91999999999257,-519.2000000000141,-169.28000000002157,-169.44500000002157,705.7550000001365
23.03,42.79,0.1700000000000017,0.19999999999999574,1.8580112896222318,1.0,1.8549265908142947,1.0,1.8544870315324897,1.0,42.708836336193244,42.79,0.009272435157662448,0.005,42.69956390103558,42.785,42.718108771350906,42.795,42.718108771350906,42.785,0.0668912286490908,0.0015632444180670906,BWX,IGOV,2025-10-16,False,4334.0,2337.0,4353.0,-2348.0,BWX,IGOV,0.0668912286490908,0.0015632444180670906,1.0,True,False,False,1.0,BWX,IGOV,4334.0,-2337.0,99509.58,-100001.32,199510.90000000002,-491.74000000000524,-19.0,11.0,0.0,11.0,19.0,-0.0,-0.095,-0.055,-0.15,740.0100000000074,-469.59999999999,270.41000000001736,270.2600000000174,976.0150000001539
22.97,42.63,-0.060000000000002274,-0.1599999999999966,1.855898998693949,1.0,1.8553821310267697,1.0,1.8549265908142947,1.0,42.60766379100435,42.63,0.009274632954071474,0.005,42.598389158050274,42.625,42.61693842395842,42.635000000000005,42.61693842395842,42.625,0.008061576041576757,0.0001891057011864123,BWX,IGOV,2025-10-17,False,4352.0,2346.0,4334.0,-2337.0,BWX,IGOV,0.008061576041576757,0.0001891057011864123,1.0,False,True,False,0.0,,,0.0,0.0,99812.02,-100000.23,199812.25,-188.20999999999185,-4334.0,2337.0,0.0,2337.0,4334.0,-0.0,-21.67,-11.685,-33.355000000000004,-260.04000000000985,373.919999999992,113.87999999998215,80.52499999998214,1056.5400000001362
23.0,42.62,0.030000000000001137,-0.010000000000005116,1.8530434782608693,1.0,1.855678306672165,1.0,1.8553821310267697,1.0,42.6737890136157,42.62,0.00927691065513385,0.005,42.66451210296057,42.614999999999995,42.683065924270835,42.625,42.625,42.66451210296057,0.03951210296057184,0.0009270789056915026,IGOV,BWX,2025-10-20,False,4353.0,2346.0,0.0,0.0,,,0.0,0.0,0.0,True,False,False,1.0,IGOV,BWX,-4353.0,2346.0,0.0,0.0,0.0,0.0,-4353.0,2346.0,0.0,2346.0,4353.0,-0.0,-21.765,-11.73,-33.495000000000005,0.0,-0.0,0.0,-33.495000000000005,1023.0450000001362
22.9,42.53,-0.10000000000000142,-0.0899999999999963,1.8572052401746726,1.0,1.8561110481270258,1.0,1.855678306672165,1.0,42.49503322279257,42.53,0.009278391533360825,0.005,42.48575483125921,42.525,42.504311614325935,42.535000000000004,42.504311614325935,42.525,0.02068838567406317,0.0004864421743254919,BWX,IGOV,2025-10-21,False,4363.0,2351.0,-4353.0,2346.0,IGOV,BWX,-0.04924516874079643,-0.0011578925168303886,1.0,False,False,False,-1.0,,,0.0,0.0,-100119.0,99986.51999999999,200105.52,-132.48000000001048,4353.0,-2346.0,4353.0,0.0,-0.0,2346.0,-21.765,-11.73,-33.495000000000005,435.3000000000062,-211.13999999999135,224.16000000001486,190.66500000001486,1213.710000000151
22.91,42.62,0.010000000000001563,0.0899999999999963,1.860323003055434,1.0,1.8566282885545466,1.0,1.8561110481270258,1.0,42.52350411259016,42.62,0.00928055524063513,0.005,42.514223557349524,42.614999999999995,42.532784667830796,42.625,42.532784667830796,42.614999999999995,0.08221533216919852,0.0019290317261660846,BWX,IGOV,2025-10-22,False,4354.0,2346.0,0.0,0.0,,,0.0,0.0,-1.0,True,False,False,1.0,BWX,IGOV,4354.0,-2346.0,0.0,0.0,0.0,0.0,4354.0,-2346.0,4354.0,0.0,-0.0,2346.0,-21.77,-11.73,-33.5,0.0,0.0,0.0,-33.5,1180.210000000151
22.85,42.51,-0.05999999999999872,-0.10999999999999943,1.8603938730853389,1.0,1.8571732125730083,1.0,1.8566282885545466,1.0,42.42395639347139,42.51,0.009283141442772733,0.005,42.41467325202862,42.504999999999995,42.433239534914165,42.515,42.433239534914165,42.504999999999995,0.07176046508583056,0.0016880843351171622,BWX,IGOV,2025-10-23,False,4367.0,2352.0,4354.0,-2346.0,BWX,IGOV,0.07176046508583056,0.0016880843351171622,1.0,True,False,False,1.0,BWX,IGOV,4367.0,-2352.0,99750.14,-99986.51999999999,199736.65999999997,-236.3799999999901,13.0,-6.0,13.0,0.0,-0.0,6.0,-0.065,-0.03,-0.095,-261.23999999999444,258.0599999999987,-3.1799999999957436,-3.2749999999957438,1176.9350000001552
22.83,42.51,-0.020000000000003126,0.0,1.862023653088042,1.0,1.8576266928204084,1.0,1.8571732125730083,1.0,42.39926444304177,42.51,0.009285866062865042,0.005,42.389978576978905,42.504999999999995,42.40855030910464,42.515,42.40855030910464,42.504999999999995,0.09644969089535493,0.002268870639740177,BWX,IGOV,2025-10-24,False,4368.0,2352.0,4367.0,-2352.0,BWX,IGOV,0.09644969089535493,0.002268870639740177,1.0,True,False,False,1.0,BWX,IGOV,4368.0,-2352.0,99785.95000000001,-99983.51999999999,199769.47,-197.56999999997788,1.0,0.0,1.0,0.0,-0.0,-0.0,-0.005,-0.0,-0.005,-87.34000000001365,-0.0,-87.34000000001365,-87.34500000001364,1089.5900000001416
22.9,42.6,0.07000000000000028,0.09000000000000341,1.8602620087336246,1.0,1.857956866427821,1.0,1.8576266928204084,1.0,42.53965126558735,42.6,0.009288133464102042,0.005,42.53036313212325,42.595,42.548939399051456,42.605000000000004,42.548939399051456,42.595,0.04606060094854314,0.0010812347640503084,BWX,IGOV,2025-10-27,False,4360.0,2347.0,4368.0,-2352.0,BWX,IGOV,0.04606060094854314,0.0010812347640503084,1.0,True,False,False,1.0,BWX,IGOV,4360.0,-2347.0,99721.43999999999,-99983.51999999999,199704.95999999996,-262.08000000000175,-8.0,5.0,0.0,5.0,8.0,-0.0,-0.04,-0.025,-0.065,305.76000000000124,-211.68000000000802,94.07999999999322,94.01499999999322,1183.6050000001349
22.94,42.66,0.0400000000000027,0.05999999999999517,1.8596338273757627,1.0,1.8583298621444357,1.0,1.857956866427821,1.0,42.62153051585422,42.66,0.009289784332139105,0.005,42.61224073152208,42.654999999999994,42.63082030018636,42.665,42.63082030018636,42.654999999999994,0.024179699813636546,0.0005668002769253762,BWX,IGOV,2025-10-28,False,4355.0,2344.0,4360.0,-2347.0,BWX,IGOV,0.024179699813636546,0.0005668002769253762,1.0,False,False,False,-1.0,BWX,IGOV,4355.0,-2344.0,99844.0,-99982.2,199826.2,-138.1999999999971,-5.0,3.0,0.0,3.0,5.0,-0.0,-0.025,-0.015,-0.04,174.40000000001177,-140.81999999998865,33.58000000002312,33.54000000002312,1217.145000000158
22.7,42.45,-0.240000000000002,-0.20999999999999375,1.8700440528634363,1.0,1.8590960926257978,1.0,1.8583298621444357,1.0,42.18408787067869,42.45,0.00929164931072218,0.005,42.17479622136796,42.445,42.19337951998941,42.455000000000005,42.19337951998941,42.445,0.2516204800105868,0.005927455359495566,BWX,IGOV,2025-10-29,False,4378.0,2356.0,4355.0,-2344.0,BWX,IGOV,0.0,0.0,-1.0,True,False,False,1.0,BWX,IGOV,4378.0,-2356.0,99903.70000000001,-99995.04,199898.74,-91.33999999998196,23.0,-12.0,23.0,0.0,-0.0,12.0,-0.115,-0.06,-0.175,-1045.2000000000087,492.23999999998534,-552.9600000000233,-553.1350000000233,664.0100000001347
22.73,42.32,0.030000000000001137,-0.13000000000000256,1.8618565772107347,1.0,1.8594375065973492,1.0,1.8590960926257978,1.0,42.25725418538438,42.32,0.009295480463128988,0.005,42.24795870492125,42.315,42.26654966584751,42.325,42.26654966584751,42.315,0.04845033415248423,0.0011448566671191927,BWX,IGOV,2025-10-30,False,4393.0,2363.0,4378.0,-2356.0,BWX,IGOV,0.04845033415248423,0.0011448566671191927,1.0,True,False,False,1.0,BWX,IGOV,4393.0,-2363.0,99380.59999999999,-100012.20000000001,199392.8,-631.6000000000204,15.0,-7.0,15.0,0.0,-0.0,7.0,-0.075,-0.035,-0.11,131.34000000000498,306.280000000006,437.620000000011,437.51000000001096,1101.5200000001457
22.73,42.17,0.0,-0.14999999999999858,1.8552573691157062,1.0,1.8594521172134129,1.0,1.8594375065973492,1.0,42.26501452495775,42.17,0.009297187532986747,0.005,42.25571733742476,42.165,42.274311712490736,42.175000000000004,42.175000000000004,42.25571733742476,0.08071733742475828,0.0019140938445520105,IGOV,BWX,2025-10-31,False,4409.0,2371.0,4393.0,-2363.0,BWX,IGOV,-0.10931171249073657,-0.0025921677137950333,1.0,True,False,False,1.0,IGOV,BWX,-4409.0,2371.0,99852.89,-100002.16,199855.05,-149.27000000000407,-8802.0,4734.0,0.0,4734.0,8802.0,-0.0,-44.01,-23.67,-67.68,0.0,354.44999999999663,354.44999999999663,286.7699999999966,1388.2900000001423
22.58,42.05,-0.15000000000000213,-0.12000000000000455,1.862267493356953,1.0,1.8596268953900323,1.0,1.8594521172134129,1.0,41.98642880667886,42.05,0.009297260586067065,0.005,41.97713154609279,42.044999999999995,41.995726067264926,42.055,41.995726067264926,42.044999999999995,0.04927393273506908,0.001171793881927921,BWX,IGOV,2025-11-03,True,4422.0,2378.0,-4409.0,2371.0,IGOV,BWX,-0.07786845390720742,-0.0018518062760334703,1.0,True,False,False,1.0,BWX,IGOV,4422.0,-2378.0,-100216.57,99985.07,200201.64,-231.5,8831.0,-4749.0,8831.0,0.0,-0.0,4749.0,-44.155,-23.745,-67.9,661.3500000000093,-284.5200000000108,376.82999999999856,308.9299999999986,1697.2200000001408
22.56,41.92,-0.019999999999999574,-0.12999999999999545,1.8581560283687946,1.0,1.859583154958252,1.0,1.8596268953900323,1.0,41.95318275999913,41.92,0.009298134476950161,0.005,41.94388462552218,41.915,41.96248089447608,41.925000000000004,41.925000000000004,41.94388462552218,0.01888462552217618,0.0004504920210442791,IGOV,BWX,2025-11-04,False,4435.0,2385.0,4422.0,-2378.0,BWX,IGOV,-0.04748089447608095,-0.0011326549254790303,1.0,False,False,True,0.0,,,0.0,0.0,99848.76,-99994.9,199843.65999999997,-146.13999999999942,-4422.0,2378.0,0.0,2378.0,4422.0,-0.0,-22.11,-11.89,-34.0,-88.43999999999812,309.1399999999892,220.69999999999106,186.69999999999106,1883.920000000132
22.52,41.9,-0.03999999999999915,-0.020000000000003126,1.8605683836589697,1.0,1.8596631387070883,1.0,1.859583154958252,1.0,41.87781264965984,41.9,0.009297915774791261,0.005,41.86851473388504,41.894999999999996,41.88711056543463,41.905,41.88711056543463,41.894999999999996,0.007889434565363729,0.000188291994400089,BWX,IGOV,2025-11-05,False,4439.0,2387.0,0.0,0.0,,,0.0,0.0,0.0,False,True,False,0.0,,,0.0,0.0,0.0,0.0,0.0,0.0,0.0,0.0,0.0,0.0,-0.0,-0.0,-0.0,-0.0,0.0,-0.0,-0.0,0.0,0.0,1883.920000000132
22.64,42.1,0.120000000000001,0.20000000000000284,1.859540636042403,1.0,1.8597039437598728,1.0,1.8596631387070883,1.0,42.10277346032848,42.1,0.009298315693535442,0.005,42.093475144634944,42.095,42.11207177602201,42.105000000000004,42.105000000000004,42.095,-0.010000000000005116,-0.00023752969121152294,IGOV,IGOV,2025-11-06,False,4417.0,2375.0,0.0,0.0,,,0.0,0.0,0.0,False,True,False,0.0,,,0.0,0.0,0.0,0.0,0.0,0.0,0.0,0.0,0.0,0.0,-0.0,-0.0,-0.0,-0.0,0.0,0.0,0.0,0.0,0.0,1883.920000000132
22.64,42.13,0.0,0.030000000000001137,1.8608657243816256,1.0,1.859786385280318,1.0,1.8597039437598728,1.0,42.10369728672352,42.13,0.009298519718799364,0.005,42.094398767004726,42.125,42.11299580644232,42.135000000000005,42.11299580644232,42.125,0.012004193557679343,0.00028493219932777933,BWX,IGOV,2025-11-07,False,4415.0,2374.0,0.0,0.0,,,0.0,0.0,0.0,False,False,False,-0.0,,,0.0,0.0,0.0,0.0,0.0,0.0,0.0,0.0,0.0,0.0,-0.0,-0.0,-0.0,-0.0,0.0,0.0,0.0,0.0,0.0,1883.920000000132
22.64,42.15,0.0,0.01999999999999602,1.8617491166077738,1.0,1.8600072625109711,1.0,1.859786385280318,1.0,42.1055637627464,42.15,0.00929893192640159,0.005,42.09626483082,42.144999999999996,42.1148626946728,42.155,42.1148626946728,42.144999999999996,0.030137305327194497,0.0007150013126262039,BWX,IGOV,2025-11-10,False,4411.0,2372.0,0.0,0.0,,,0.0,0.0,-0.0,False,False,False,0.0,,,0.0,0.0,0.0,0.0,0.0,0.0,0.0,0.0,0.0,0.0,-0.0,-0.0,-0.0,-0.0,0.0,0.0,0.0,0.0,0.0,1883.920000000132
22.68,42.27,0.03999999999999915,0.12000000000000455,1.863756613756614,1.0,1.8601968491250527,1.0,1.8600072625109711,1.0,42.184964713748826,42.27,0.009300036312554856,0.005,42.175664677436274,42.265,42.19426475006138,42.275000000000006,42.19426475006138,42.265,0.07073524993862179,0.001673414950050196,BWX,IGOV,2025-11-11,False,4401.0,2366.0,0.0,0.0,,,0.0,0.0,0.0,True,False,False,1.0,BWX,IGOV,4401.0,-2366.0,0.0,0.0,0.0,0.0,4401.0,-2366.0,4401.0,0.0,-0.0,2366.0,-22.005,-11.83,-33.835,0.0,0.0,0.0,-33.835,1850.085000000132
22.65,42.31,-0.030000000000001137,0.03999999999999915,1.8679911699779252,1.0,1.860442426871543,1.0,1.8601968491250527,1.0,42.13345863268244,42.31,0.009300984245625263,0.005,42.124157648436814,42.305,42.14275961692807,42.315000000000005,42.14275961692807,42.305,0.16224038307193211,0.0038345635327802436,BWX,IGOV,2025-11-12,False,4398.0,2364.0,4401.0,-2366.0,BWX,IGOV,0.16224038307193211,0.0038345635327802436,1.0,True,False,False,1.0,BWX,IGOV,4398.0,-2364.0,99814.68,-100010.82,199825.5,-196.14000000001397,-3.0,2.0,0.0,2.0,3.0,-0.0,-0.015,-0.01,-0.025,-132.030000000005,-94.63999999999798,-226.67000000000297,-226.69500000000298,1623.390000000129
22.71,42.29,0.060000000000002274,-0.020000000000003126,1.862175253192426,1.0,1.8606506250500527,1.0,1.860442426871543,1.0,42.25064751425274,42.29,0.009302212134357715,0.005,42.24134530211838,42.285,42.2599497263871,42.295,42.2599497263871,42.285,0.02505027361289791,0.0005923450842491822,BWX,IGOV,2025-11-13,False,4400.0,2365.0,4398.0,-2364.0,BWX,IGOV,0.02505027361289791,0.0005923450842491822,1.0,False,False,False,-1.0,BWX,IGOV,4400.0,-2365.0,99614.7,-100020.84000000001,199635.54,-406.14000000001397,2.0,-1.0,2.0,0.0,-0.0,1.0,-0.01,-0.005,-0.015,263.88000000001,47.28000000000739,311.16000000001736,311.1450000000174,1934.5350000001463
22.6,42.18,-0.10999999999999943,-0.10999999999999943,1.866371681415929,1.0,1.8611742591861518,1.0,1.8606506250500527,1.0,42.050704126131194,42.18,0.009303253125250264,0.005,42.04140087300594,42.175,42.06000737925645,42.185,42.06000737925645,42.175,0.11499262074354988,0.0027262356743373607,BWX,IGOV,2025-11-14,False,4412.0,2371.0,4400.0,-2365.0,BWX,IGOV,0.0,0.0,-1.0,True,False,False,1.0,BWX,IGOV,4412.0,-2371.0,99924.0,-100015.84999999999,199939.84999999998,-91.84999999999127,12.0,-6.0,12.0,0.0,-0.0,6.0,-0.06,-0.03,-0.09,-483.9999999999975,260.14999999999867,-223.84999999999883,-223.93999999999883,1710.5950000001474
22.58,42.04,-0.020000000000003126,-0.14000000000000057,1.8618246235606732,1.0,1.8616133164511417,1.0,1.8611742591861518,1.0,42.0253147724233,42.04,0.00930587129593076,0.005,42.01600890112737,42.035,42.03462064371923,42.045,42.03462064371923,42.035,0.00037935628076724015,9.023698400743106e-06,BWX,IGOV,2025-11-17,False,4428.0,2379.0,4412.0,-2371.0,BWX,IGOV,0.00037935628076724015,9.023698400743106e-06,1.0,False,True,False,0.0,,,0.0,0.0,99711.20000000001,-100008.78,199719.98,-297.5799999999872,-4412.0,2371.0,0.0,2371.0,4412.0,-0.0,-22.06,-11.855,-33.915,-88.2400000000138,331.94000000000136,243.69999999998757,209.78499999998758,1920.380000000135
22.5,41.95,-0.0799999999999983,-0.0899999999999963,1.8644444444444446,1.0,1.8619752766646305,1.0,1.8616133164511417,1.0,41.88629962015069,41.95,0.00930806658225571,0.005,41.87699155356843,41.945,41.895607686732944,41.955000000000005,41.895607686732944,41.945,0.049392313267055954,0.001177409136282621,BWX,IGOV,2025-11-18,False,4438.0,2384.0,0.0,0.0,,,0.0,0.0,0.0,True,False,False,1.0,BWX,IGOV,4438.0,-2384.0,0.0,0.0,0.0,0.0,4438.0,-2384.0,4438.0,0.0,-0.0,2384.0,-22.19,-11.92,-34.11,-0.0,-0.0,0.0,-34.11,1886.270000000135
22.37,41.66,-0.129999999999999,-0.29000000000000625,1.8623156012516762,1.0,1.8620749065744426,1.0,1.8619752766646305,1.0,41.65238693898779,41.66,0.009309876383323153,0.005,41.64307706260447,41.654999999999994,41.66169681537111,41.665,41.66169681537111,41.654999999999994,-0.00669681537111444,-0.00016074928879295343,BWX,IGOV,2025-11-19,False,4469.0,2400.0,4438.0,-2384.0,BWX,IGOV,-0.00669681537111444,-0.00016074928879295343,1.0,False,True,False,0.0,,,0.0,0.0,99855.0,-100008.8,199863.8,-153.8000000000029,-4438.0,2384.0,0.0,2384.0,4438.0,-0.0,-22.19,-11.92,-34.11,-576.9399999999956,691.3600000000149,114.42000000001929,80.31000000001929,1966.5800000001543
22.32,41.62,-0.05000000000000071,-0.03999999999999915,1.864695340501792,1.0,1.8622899799452655,1.0,1.8620749065744426,1.0,41.56151191474156,41.62,0.009310374532872213,0.005,41.552201540208685,41.614999999999995,41.57082228927443,41.625,41.57082228927443,41.614999999999995,0.0441777107255632,0.0010614538857655743,BWX,IGOV,2025-11-20,False,4475.0,2403.0,0.0,0.0,,,0.0,0.0,0.0,True,False,False,1.0,BWX,IGOV,4475.0,-2403.0,0.0,0.0,0.0,0.0,4475.0,-2403.0,4475.0,0.0,-0.0,2403.0,-22.375,-12.015,-34.39,-0.0,-0.0,0.0,-34.39,1932.1900000001542
22.37,41.76,0.05000000000000071,0.14000000000000057,1.86678587393831,1.0,1.8625280909877788,1.0,1.8622899799452655,1.0,41.65942685137559,41.76,0.009311449899726328,0.005,41.650115401475865,41.754999999999995,41.66873830127532,41.765,41.66873830127532,41.754999999999995,0.0862616987246767,0.0020656537050928333,BWX,IGOV,2025-11-21,False,4460.0,2395.0,4475.0,-2403.0,BWX,IGOV,0.0862616987246767,0.0020656537050928333,1.0,True,False,False,1.0,BWX,IGOV,4460.0,-2395.0,99882.0,-100012.86,199894.86,-130.86000000000058,-15.0,8.0,0.0,8.0,15.0,-0.0,-0.075,-0.04,-0.11499999999999999,223.75000000000318,-336.4200000000014,-112.6699999999982,-112.78499999999819,1819.405000000156
22.4,41.78,0.029999999999997584,0.020000000000003126,1.8651785714285716,1.0,1.8627739191225263,1.0,1.8625280909877788,1.0,41.72062923812624,41.78,0.009312640454938894,0.005,41.711316597671306,41.775,41.72994187858118,41.785000000000004,41.72994187858118,41.775,0.04505812141881904,0.001078461498774989,BWX,IGOV,2025-11-24,False,4457.0,2393.0,4460.0,-2395.0,BWX,IGOV,0.04505812141881904,0.001078461498774989,1.0,True,False,False,1.0,BWX,IGOV,4457.0,-2393.0,99770.20000000001,-100015.2,199785.40000000002,-244.99999999998545,-3.0,2.0,0.0,2.0,3.0,-0.0,-0.015,-0.01,-0.025,133.7999999999892,-47.90000000000749,85.89999999998173,85.87499999998172,1905.2800000001378
22.52,42.01,0.120000000000001,0.22999999999999687,1.8654529307282415,1.0,1.8630648742901499,1.0,1.8627739191225263,1.0,41.94966865863929,42.01,0.009313869595612631,0.005,41.940354789043674,42.004999999999995,41.958982528234905,42.015,41.958982528234905,42.004999999999995,0.04601747176509008,0.0010953932817207826,BWX,IGOV,2025-11-25,False,4433.0,2380.0,4457.0,-2393.0,BWX,IGOV,0.04601747176509008,0.0010953932817207826,1.0,True,False,False,1.0,BWX,IGOV,4433.0,-2380.0,99836.79999999999,-99979.54000000001,199816.34,-142.7400000000198,-24.0,13.0,0.0,13.0,24.0,-0.0,-0.12,-0.065,-0.185,534.8400000000045,-550.3899999999925,-15.549999999988017,-15.734999999988018,1889.5450000001497
22.53,42.13,0.010000000000001563,0.12000000000000455,1.8699511762094985,1.0,1.863060230457453,1.0,1.8630648742901499,1.0,41.97485161775708,42.13,0.00931532437145075,0.005,41.96553629338563,42.125,41.98416694212853,42.135000000000005,41.98416694212853,42.125,0.14083305787146827,0.003342821216982394,BWX,IGOV,2025-11-26,False,4423.0,2374.0,4433.0,-2380.0,BWX,IGOV,0.14083305787146827,0.003342821216982394,1.0,True,False,False,1.0,BWX,IGOV,4423.0,-2374.0,99831.16,-99983.79999999999,199814.96,-152.63999999998487,-10.0,6.0,0.0,6.0,10.0,-0.0,-0.05,-0.03,-0.08,44.33000000000693,-285.6000000000108,-241.2700000000039,-241.35000000000392,1648.1950000001457
22.56,42.1,0.029999999999997584,-0.030000000000001137,1.8661347517730498,1.0,1.863274139185569,1.0,1.863060230457453,1.0,42.03063879912014,42.1,0.009315301152287266,0.005,42.021323497967856,42.095,42.039954100272425,42.105000000000004,42.039954100272425,42.095,0.05504589972757401,0.001307503556474442,BWX,IGOV,2025-11-28,False,4425.0,2375.0,4423.0,-2374.0,BWX,IGOV,0.05504589972757401,0.001307503556474442,1.0,True,False,False,1.0,BWX,IGOV,4425.0,-2375.0,99650.19,-100016.62000000001,199666.81,-366.43000000000757,2.0,-1.0,2.0,0.0,-0.0,1.0,-0.01,-0.005,-0.015,132.6899999999893,71.2200000000027,203.909999999992,203.89499999999202,1852.0900000001377
22.44,41.96,-0.11999999999999744,-0.14000000000000057,1.8698752228163993,1.0,1.8640050318706034,1.0,1.863274139185569,1.0,41.81187168332417,41.96,0.009316370695927846,0.005,41.80255531262824,41.955,41.8211880540201,41.965,41.8211880540201,41.955,0.13381194597990032,0.0031890358908460512,BWX,IGOV,2025-12-01,True,4440.0,2383.0,4425.0,-2375.0,BWX,IGOV,0.13381194597990032,0.0031890358908460512,1.0,True,False,False,1.0,BWX,IGOV,4440.0,-2383.0,99828.0,-99987.5,199815.5,-159.5,15.0,-8.0,15.0,0.0,-0.0,8.0,-0.075,-0.04,-0.11499999999999999,-530.9999999999886,332.50000000000136,-198.49999999998727,-198.61499999998728,1653.4750000001504
22.46,42.08,0.019999999999999574,0.11999999999999744,1.873552983081033,1.0,1.8645693063568074,1.0,1.8640050318706034,1.0,41.86555301581375,42.08,0.009320025159353018,0.005,41.8562329906544,42.074999999999996,41.87487304097311,42.085,41.87487304097311,42.074999999999996,0.20012695902688904,0.0047558687981675155,BWX,IGOV,2025-12-02,False,4429.0,2376.0,4440.0,-2383.0,BWX,IGOV,0.20012695902688904,0.0047558687981675155,1.0,True,False,True,0.0,,,0.0,0.0,99633.6,-99990.68000000001,199624.28000000003,-357.08000000000175,-4440.0,2383.0,0.0,2383.0,4440.0,-0.0,-22.2,-11.915000000000001,-34.115,88.79999999999811,-285.9599999999939,-197.1599999999958,-231.2749999999958,1422.2000000001547
22.55,42.2,0.08999999999999986,0.12000000000000455,1.8713968957871399,1.0,1.8652313497277249,1.0,1.8645693063568074,1.0,42.04603785834601,42.2,0.009322846531784038,0.005,42.03671501181423,42.195,42.05536070487779,42.205000000000005,42.05536070487779,42.195,0.1396392951222083,0.0033089880360712863,BWX,IGOV,2025-12-03,False,4419.0,2370.0,0.0,0.0,,,0.0,0.0,0.0,True,False,False,1.0,BWX,IGOV,4419.0,-2370.0,0.0,0.0,0.0,0.0,4419.0,-2370.0,4419.0,0.0,-0.0,2370.0,-22.095,-11.85,-33.945,0.0,0.0,0.0,-33.945,1388.2550000001547
22.48,42.1,-0.07000000000000028,-0.10000000000000142,1.8727758007117439,1.0,1.8658417205803637,1.0,1.8652313497277249,1.0,41.930400741879254,42.1,0.009326156748638624,0.005,41.92107458513062,42.095,41.93972689862789,42.105000000000004,41.93972689862789,42.095,0.15527310137211003,0.0036881971822353924,BWX,IGOV,2025-12-04,False,4430.0,2375.0,4419.0,-2370.0,BWX,IGOV,0.15527310137211003,0.0036881971822353924,1.0,True,False,False,1.0,BWX,IGOV,4430.0,-2375.0,99648.45,-100014.0,199662.45,-365.5500000000029,11.0,-5.0,11.0,0.0,-0.0,5.0,-0.055,-0.025,-0.08,-309.33000000000123,237.00000000000335,-72.32999999999788,-72.40999999999788,1315.845000000157
22.51,42.04,0.030000000000001137,-0.060000000000002274,1.867614393602843,1.0,1.8662454084583857,1.0,1.8658417205803637,1.0,42.00009713026399,42.04,0.009329208602901819,0.005,41.99076792166109,42.035,42.00942633886689,42.045,42.00942633886689,42.035,0.02557366113310877,0.0006083173437942144,BWX,IGOV,2025-12-05,False,4439.0,2379.0,4430.0,-2375.0,BWX,IGOV,0.02557366113310877,0.0006083173437942144,1.0,False,False,False,-1.0,BWX,IGOV,4439.0,-2379.0,99586.40000000001,-99987.5,199573.90000000002,-401.09999999999127,9.0,-4.0,9.0,0.0,-0.0,4.0,-0.045,-0.02,-0.065,132.90000000000504,142.5000000000054,275.40000000001044,275.33500000001044,1591.1800000001674
22.44,41.88,-0.07000000000000028,-0.1599999999999966,1.8663101604278074,1.0,1.8665176302606947,1.0,1.8662454084583857,1.0,41.87854696580618,41.88,0.00933122704229193,0.005,41.86921573876389,41.875,41.88787819284847,41.885000000000005,41.885000000000005,41.875,-0.010000000000005116,-0.00023877745940795406,IGOV,IGOV,2025-12-08,False,4457.0,2388.0,4439.0,-2379.0,BWX,IGOV,0.0,0.0,-1.0,False,True,False,0.0,,,0.0,0.0,99921.89000000001,-100013.16,199935.05000000002,-91.26999999998952,-4439.0,2379.0,0.0,2379.0,4439.0,-0.0,-22.195,-11.895,-34.09,-310.73000000000127,380.6399999999919,69.90999999999065,35.81999999999064,1627.000000000158
22.41,41.82,-0.030000000000001137,-0.060000000000002274,1.8661311914323964,1.0,1.8667367340019259,1.0,1.8665176302606947,1.0,41.82866009414217,41.82,0.009332588151303474,0.005,41.81932750599087,41.815,41.837992682293475,41.825,41.825,41.81932750599087,-0.0056724940091328335,-0.00013564069844889607,IGOV,BWX,2025-12-09,False,4463.0,2391.0,0.0,0.0,,,0.0,0.0,0.0,False,True,False,0.0,,,0.0,0.0,0.0,0.0,0.0,0.0,0.0,0.0,0.0,0.0,-0.0,-0.0,-0.0,-0.0,0.0,-0.0,-0.0,0.0,0.0,1627.000000000158
22.51,42.1,0.10000000000000142,0.28000000000000114,1.8702798756108396,1.0,1.867062897094637,1.0,1.8667367340019259,1.0,42.020243882383355,42.1,0.00933368367000963,0.005,42.01091019871335,42.095,42.02957756605336,42.105000000000004,42.02957756605336,42.095,0.06542243394663672,0.0015539770533642924,BWX,IGOV,2025-12-10,False,4433.0,2375.0,0.0,0.0,,,0.0,0.0,0.0,True,False,False,1.0,BWX,IGOV,4433.0,-2375.0,0.0,0.0,0.0,0.0,4433.0,-2375.0,4433.0,0.0,-0.0,2375.0,-22.165,-11.875,-34.04,0.0,0.0,0.0,-34.04,1592.960000000158
22.53,42.22,0.019999999999999574,0.11999999999999744,1.8739458499778072,1.0,1.8673606310946311,1.0,1.867062897094637,1.0,42.06492707154217,42.22,0.009335314485473185,0.005,42.055591757056696,42.214999999999996,42.07426238602765,42.225,42.07426238602765,42.214999999999996,0.14073761397234819,0.003333434722225206,BWX,IGOV,2025-12-11,False,4423.0,2369.0,4433.0,-2375.0,BWX,IGOV,0.14073761397234819,0.003333434722225206,1.0,True,False,False,1.0,BWX,IGOV,4423.0,-2369.0,99786.83,-99987.5,199774.33000000002,-200.66999999999825,-10.0,6.0,0.0,6.0,10.0,-0.0,-0.05,-0.03,-0.08,88.6599999999981,-284.9999999999939,-196.33999999999583,-196.41999999999584,1396.5400000001623
22.51,42.15,-0.019999999999999574,-0.07000000000000028,1.8725011106175031,1.0,1.8678769239658848,1.0,1.8673606310946311,1.0,42.03428780594015,42.15,0.009336803155473156,0.005,42.02495100278468,42.144999999999996,42.04362460909562,42.155,42.04362460909562,42.144999999999996,0.10137539090437286,0.002405110104492832,BWX,IGOV,2025-12-12,False,4429.0,2372.0,4423.0,-2369.0,BWX,IGOV,0.10137539090437286,0.002405110104492832,1.0,True,False,False,1.0,BWX,IGOV,4429.0,-2372.0,99650.19,-100019.18,199669.37,-368.9899999999907,6.0,-3.0,6.0,0.0,-0.0,3.0,-0.03,-0.015,-0.045,-88.45999999999812,165.83000000000067,77.37000000000255,77.32500000000255,1473.8650000001649
22.59,42.24,0.0799999999999983,0.09000000000000341,1.8698539176626827,1.0,1.8680510357782225,1.0,1.8678769239658848,1.0,42.195339712389334,42.24,0.009339384619829425,0.005,42.186000327769506,42.235,42.20467909700916,42.245000000000005,42.20467909700916,42.235,0.03032090299083734,0.0007178244079270203,BWX,IGOV,2025-12-15,False,4421.0,2367.0,4429.0,-2372.0,BWX,IGOV,0.03032090299083734,0.0007178244079270203,1.0,False,False,False,-1.0,BWX,IGOV,4421.0,-2367.0,99696.79000000001,-99979.8,199676.59000000003,-283.00999999999476,-8.0,5.0,0.0,5.0,8.0,-0.0,-0.04,-0.025,-0.065,354.31999999999243,-213.4800000000081,140.83999999998434,140.77499999998435,1614.6400000001493
